
Angles Over Time
Frames	Rotate	ChildRotate	RotateInverse	ChildRotateInverse	Docking x	Docking y	Docking z	
0	0.7033007	0.9377212	0	-1.067197E-07	0	0	0	
1	0.7033007	-0.9377441	0	1.406593	0	0	0	
2	-1.17215	-2.64262E-07	0	-1.067137E-07	0	0	0	
3	0.7033007	0.2344281	0	-1.067137E-07	0	0	0	
4	0.7033007	-2.668037E-07	0	-1.067137E-07	0	0	0	
5	2.248795E-07	-2.668037E-07	0	0.7032927	0	0	0	
6	-0.4688721	-2.813171	0	3.985344	0	0	0	
7	-3.047607	0.2344282	0	0.2344286	0	0	0	
8	-0.234436	0.2344282	0	2.401233E-07	0	0	0	
9	-0.4688721	-1.600822E-07	0	2.401233E-07	0	0	0	
10	-0.234436	0.2344282	0	0.4688646	0	0	0	
11	-0.4688721	-1.875458	0	2.344322	0	0	0	
12	-2.813171	0.2344282	0	0.7032931	0	0	0	
13	-0.7032776	-2.13443E-07	0	0.2344287	0	0	0	
14	-0.234436	-0.234436	0	2.79511E-07	0	0	0	
15	-0.234436	-2.13443E-07	0	0.9377292	0	0	0	
16	-0.4688721	-2.109894	0	1.875458	0	0	0	
17	-2.578735	0.2344282	0	3.150487E-07	0	0	0	
18	2.133894E-07	0.4688566	0	0.2344287	0	0	0	
19	2.133894E-07	-0.4688721	0	0.2344287	0	0	0	
20	2.133894E-07	-3.735229E-07	0	3.201644E-07	0	0	0	
21	-0.234436	-0.234436	0	0.2344287	0	0	0	
22	-0.4688721	-3.735252E-07	0	3.201644E-07	0	0	0	
23	-0.4688721	-0.234436	0	0.7032931	0	0	0	
24	-0.7032776	-0.234436	0	0.2344288	0	0	0	
25	-0.234436	0.234428	0	0.4688649	0	0	0	
26	-0.7032776	-4.002056E-07	0	4.268833E-07	0	0	0	
27	-0.4688721	-4.002056E-07	0	1.641022	0	0	0	
28	-0.234436	0.4688564	0	4.268431E-07	0	0	0	
29	0.7033007	0.7032924	0	0.7032933	0	0	0	
30	0.2344363	0.7032924	0	0.2344289	0	0	0	
31	0.7033007	0.9377207	0	4.802467E-07	0	0	0	
32	0.7033007	-1.406586	0	1.406594	0	0	0	
33	-0.4688721	0.4688566	0	4.268547E-07	0	0	0	
34	0.9377291	-1.600812E-07	0	4.268547E-07	0	0	0	
35	0.7033008	-0.234436	0	4.268547E-07	0	0	0	


Angle MV instances
Rotate	2.578735	2.813171	2.344299	2.109894	2.109863	2.578736	
ChildRotate	2.813171	3.0476	2.109894	
RotateInverse	
ChildRotateInverse	3.282052	3.750916	
Docking x	
Docking y	
Docking z	
Total MV Amount	29.53833


Angle TRE instances
Rotate	1	
ChildRotate	1	
RotateInverse	1	
ChildRotateInverse	1	
Docking x	1	
Docking y	1	
Docking z	1	
Total TRE Count	0


Correct Angles	Rotate	ChildRotate	RotateInverse	ChildRotateInverse	Docking x	Docking y	Docking z
	-7.079493E-14	-6.209174E-28	0	2.074476E-13	0	0	0

Angle Error	Rotate	ChildRotate	RotateInverse	ChildRotateInverse	Docking x	Docking y	Docking z
	0.234436	0.2344282	0	0.2344288	0	0	0

Time Taken	Hours	Minutes	Seconds	Milliseconds	Seconds float	Completion time
	0	0	2	148	2.147947	00h:00m:02s:148ms

Final Results	Tester Name	Time of Test	Dock Shape Style	Virtual Device Visible	Time Taken	Shape Precision %	Orientation Precision %	Overall Precision %	Efficiency %	Difficulty	Total MV	Total TRE	
	0	2018-10-30_15:57:18	ZEROING DATA	True	00h:00m:02s:148ms	99.90232	100	99.94418	100	3.091583E-16	29.53833	0	
