
Angles Over Time
Frames	Rotate	ChildRotate	RotateInverse	ChildRotateInverse	Docking x	Docking y	Docking z	
0	2.109887	-0.234436	0	4.268833E-07	0	0	0	
1	0.4688644	0.234436	0	0	0	0	0	
2	-0.234436	-1.875458	0	1.875458	0	0	0	
3	-2.578766	0.4688646	0	0.2344361	0	0	0	
4	-2.133894E-07	0.2344362	0	-0.234436	0	0	0	
5	0.2344358	0.4688646	0	1.334019E-07	0	0	0	
6	0.2344358	0.2344362	0	0.4688645	0	0	0	
7	-2.13443E-07	0.2344362	0	-0.234436	0	0	0	
8	-0.234436	-0.4688721	0	1.406593	0	0	0	
9	0.4688643	1.172157	0	-1.90551E-07	0	0	0	
10	1.406593	1.172157	0	0.2344358	0	0	0	
11	0.9377288	0.9377289	0	-0.234436	0	0	0	
12	1.172165	1.172157	0	0.2344358	0	0	0	
13	0.7033005	-0.7033081	0	1.172165	0	0	0	
14	0.4688644	0.9377286	0	-1.765814E-07	0	0	0	
15	1.172165	0.4688643	0	-0.234436	0	0	0	
16	0.2344361	0.2344359	0	-0.234436	0	0	0	
17	0.2344361	0.2344359	0	0.4688643	0	0	0	
18	0.2344361	-2.34433	0	4.454208	0	0	0	
19	-3.047607	0.2344359	0	-2.654247E-07	0	0	0	
20	0.2344361	-1.600822E-07	0	-0.234436	0	0	0	
21	0.2344361	-1.600822E-07	0	-2.668037E-07	0	0	0	
22	0.4688645	-1.600822E-07	0	-0.234436	0	0	0	
23	0.2344361	-2.109894	0	1.406593	0	0	0	
24	-1.641022	-3.010626E-07	0	-0.234436	0	0	0	
25	0.4688645	-0.234436	0	-0.234436	0	0	0	
26	0.2344361	0.2344357	0	-0.234436	0	0	0	
27	0.2344361	0.2344357	0	-3.595521E-07	0	0	0	
28	0.2344361	-2.109894	0	-3.595521E-07	0	0	0	
29	-2.344299	0.2344356	0	1.172165	0	0	0	
30	0.2344361	0.2344356	0	-2.832975E-07	0	0	0	
31	0.2344361	0.2344356	0	0.4688641	0	0	0	
32	5.336074E-08	0.9377284	0	-0.234436	0	0	0	
33	0.4688645	1.172157	0	-0.234436	0	0	0	
34	0.4688645	-0.7033081	0	1.172165	0	0	0	
35	5.336041E-08	1.172157	0	-1.765814E-07	0	0	0	
36	1.172165	1.406593	0	-1.765814E-07	0	0	0	
37	0.7033006	-5.106921E-07	0	-0.234436	0	0	0	
38	1.172165	0.2344355	0	-0.234436	0	0	0	
39	0.4688646	-2.578766	0	4.454208	0	0	0	
40	-2.813171	0.2344357	0	-4.265644E-07	0	0	0	
41	0.4688647	0.2344357	0	-4.265644E-07	0	0	0	
42	0.4688647	0.4688641	0	0.7033001	0	0	0	
43	3.201625E-07	0.2344357	0	0.2344356	0	0	0	
44	0.2344363	-2.34433	0	2.578758	0	0	0	
45	-1.875458	-2.870747E-07	0	-0.234436	0	0	0	
46	0.2344363	0.2344357	0	-0.234436	0	0	0	
47	0.4688647	0.4688641	0	0.2344357	0	0	0	
48	0.2344363	-2.66802E-07	0	-0.234436	0	0	0	
49	0.4688647	-2.109894	0	1.875457	0	0	0	
50	-1.875458	-0.234436	0	-4.268296E-07	0	0	0	
51	0.4688648	0.2344357	0	-4.268296E-07	0	0	0	
52	0.4688648	0.7032925	0	0.7033001	0	0	0	
53	0.2344364	0.2344357	0	0.2344356	0	0	0	
54	3.468448E-07	-1.875458	0	1.875457	0	0	0	
55	-2.109894	0.4688641	0	0.2344357	0	0	0	
56	0.2344365	0.2344357	0	0.4688641	0	0	0	
57	4.535663E-07	0.2344357	0	-2.66802E-07	0	0	0	
58	0.2344365	0.2344357	0	0.2344358	0	0	0	
59	4.535663E-07	0.2344357	0	-2.668037E-07	0	0	0	
60	-0.4688721	0.2344357	0	1.172165	0	0	0	
61	4.268833E-07	0.4688641	0	-0.234436	0	0	0	
62	0.2344365	-2.66802E-07	0	-0.234436	0	0	0	
63	0.2344365	0.9377286	0	-2.261503E-07	0	0	0	
64	0.2344365	1.172157	0	-0.234436	0	0	0	
65	0.2344365	-0.234436	0	1.406593	0	0	0	
66	0.2344365	0.7032927	0	-0.234436	0	0	0	
67	1.172165	1.172157	0	0.2344357	0	0	0	
68	0.9377293	0.7032928	0	-0.234436	0	0	0	
69	1.406594	0.9377288	0	-0.234436	0	0	0	
70	1.172165	-0.4688721	0	1.172165	0	0	0	
71	-0.9377136	-1.067208E-07	0	-1.765814E-07	0	0	0	
72	0.2344365	0.2344359	0	-0.234436	0	0	0	
73	0.2344365	0.4688644	0	-0.234436	0	0	0	
74	0.2344365	0.4688644	0	-0.234436	0	0	0	
75	0.2344365	-1.641022	0	2.109894	0	0	0	
76	-1.875458	0.2344359	0	0.4688644	0	0	0	
77	6.402445E-07	-0.4688721	0	2.541399E-08	0	0	0	
78	0.2344367	0.2344359	0	-0.234436	0	0	0	
79	0.4688651	0.2344359	0	2.668037E-08	0	0	0	
80	0.4688651	-1.641022	0	1.641029	0	0	0	
81	-1.406586	-0.234436	0	0	0	0	0	
82	0.4688651	0.2344359	0	-0.234436	0	0	0	
83	0.2344366	0.2344359	0	0.4688645	0	0	0	
84	6.136485E-07	-0.234436	0	5.336041E-08	0	0	0	
85	0.468865	0.2344359	0	5.336041E-08	0	0	0	
86	5.869645E-07	0.2344359	0	1.406593	0	0	0	
87	5.869645E-07	0.9377288	0	0	0	0	0	
88	1.172166	1.172157	0	-0.234436	0	0	0	
89	1.172166	1.172157	0	0	0	0	0	
90	0.9377294	0.9377288	0	0	0	0	0	
91	1.172166	-0.4688721	0	1.172165	0	0	0	
92	-0.7032776	1.172157	0	-0.234436	0	0	0	
93	1.172166	0.4688643	0	0.234436	0	0	0	
94	5.704315E-07	0.2344358	0	-4.065383E-08	0	0	0	
95	0.2344366	-0.234436	0	-0.234436	0	0	0	
96	0.2344366	-2.578766	0	3.516487	0	0	0	
97	-2.578735	0.4688642	0	0.4688643	0	0	0	
98	-0.234436	0.2344358	0	0.4688643	0	0	0	
99	-0.234436	0.4688642	0	0.4688643	0	0	0	
100	7.877036E-07	0.2344358	0	-1.600812E-07	0	0	0	
101	0.4688652	-1.875458	0	1.641029	0	0	0	
102	-2.109894	-2.134148E-07	0	-1.067108E-07	0	0	0	
103	0.4688653	0.2344358	0	0.2344359	0	0	0	
104	0.2344369	0.2344358	0	0.4688644	0	0	0	
105	8.804523E-07	0.2344358	0	-5.336041E-08	0	0	0	
106	0.4688653	0.2344358	0	0.7033004	0	0	0	
107	-0.7032776	-0.234436	0	1.172165	0	0	0	
108	0.4688653	0.7032927	0	-1.765814E-07	0	0	0	
109	1.172166	1.406593	0	-1.765814E-07	0	0	0	
110	0.9377296	1.406593	0	0.2344358	0	0	0	
111	1.172166	1.172157	0	-0.234436	0	0	0	
112	1.172166	-0.9377136	0	1.641029	0	0	0	
113	-0.7032776	0.9377288	0	-0.234436	0	0	0	
114	1.172166	0.9377288	0	-1.600822E-07	0	0	0	
115	1.406594	-5.589237E-08	0	-0.4688721	0	0	0	
116	0.2344369	-5.589237E-08	0	-1.600812E-07	0	0	0	
117	0.4688653	-2.34433	0	3.282051	0	0	0	
118	-2.109894	0	0	-0.234436	0	0	0	
119	0.234437	0.234436	0	-0.234436	0	0	0	


Angle MV instances
Rotate	2.109887	2.34433	2.578766	3.282043	3.282043	2.578735	2.578735	3.282036	3.282036	2.109894	2.813172	2.344299	
ChildRotate	2.578766	2.578766	2.109894	2.109894	2.813201	2.813201	2.578765	2.34433	2.109894	2.34433	3.04763	2.34433	2.34433	
RotateInverse	
ChildRotateInverse	3.985344	4.454209	4.688644	4.454208	2.344322	2.813194	3.750923	3.047623	3.282051	3.516487	
Docking x	
Docking y	
Docking z	
Total MV Amount	101.0403


Angle TRE instances
Rotate	1	
ChildRotate	
RotateInverse	1	
ChildRotateInverse	
Docking x	
Docking y	
Docking z	
Total TRE Count	0


Correct Angles	Rotate	ChildRotate	RotateInverse	ChildRotateInverse	Docking x	Docking y	Docking z
	-6.082802E-36	-150	0	150	-15.34851	7.4849	48.14394

Angle Error	Rotate	ChildRotate	RotateInverse	ChildRotateInverse	Docking x	Docking y	Docking z
	0.234437	150	0	150	15.34851	7.4849	48.14394

Time Taken	Hours	Minutes	Seconds	Milliseconds	Seconds float	Completion time
	0	0	7	156	7.155607	00h:00m:07s:156ms

Final Results	Tester Name	Time of Test	Dock Shape Style	Virtual Device Visible	Time Taken	Shape Precision %	Orientation Precision %	Overall Precision %	Efficiency %	Difficulty	Total MV	Total TRE	
	0	2018-10-30_15:32:34	Presets_dockPreset_1	True	00h:00m:07s:156ms	58.30077	89.69836	70.53875	96.634	0.4121971	101.0403	0	
