All Test Averages	Trial Number	Test Timestamp	Tester Name	Dock Shape Style	Virtual Device Visible	Time Taken	Shape Precision %	Orientation Precision %	Overall Precision %	Dock Rotate Angle	Dock ChildRotate Angle	Dock RotateInverse Angle	Dock ChildRotateInverse Angle	Dock x Rotation	Dock y Rotation	Dock z Rotation	Efficiency %	Total Difficulty	MV Avg	MV Rotate Angle	MV ChildRotate Angle	MV RotateInverse Angle	MV ChildRotateInverse Angle	MV x Rotation	MV y Rotation	MV z Rotation	TRE Avg	TRE Rotate Angle	TRE ChildRotate Angle	TRE RotateInverse Angle	TRE ChildRotateInverse Angle	TRE x Rotation	TRE y Rotation	TRE z Rotation	
	1	2018-10-30_15:31:41	0	BAD DATA	True	0.7725374	60.67547	72.22222	65.62408	29.99658	107.8451	0	149.9836	5.008957E-06	5.008956E-06	150	99.62418	0.4864725	0	0	0	0	0	0	0	0	0	0	0	1	0	1	1	0	
	2	2018-10-30_15:31:42	0	ZEROING DATA	True	0.8948293	99.67392	100	99.81367	0.0008677993	9.119074E-08	0	0.004349542	0	0	0	99.99999	5.797147E-06	4.688599	4.688599	0	0	0	0	0	0	0	1	1	1	1	1	1	1	
	3	2018-10-30_15:31:43	0	BAD DATA	False	0.8316203	79.42966	42.66195	57.84025	109.9933	37.40982	0	1.431568E-07	73.48096	170.4695	139.156	99.44761	0.5894551	10.54948	0	4.923096	0	5.626389	0	0	0	0	0	0	1	1	0	0	0	
	4	2018-10-30_15:31:44	0	ZEROING DATA	True	1.248249	99.93487	100	99.96278	7.099981E-05	1.602678E-11	0	4.988869E-14	0	0	0	100	7.88887E-08	23.91208	11.25272	4.454224	0	8.205138	0	0	0	0	1	1	1	1	1	1	1	
	5	2018-10-30_15:31:45	0	BAD DATA	True	0.7729245	61.33064	59.07944	56.17908	89.98993	90	0	89.98991	52.75316	129.0959	91.87514	99.4056	0.6041156	21.09884	8.20507	4.923065	0	7.970703	0	0	0	0	0	0	1	0	0	0	0	
	6	2018-10-30_15:31:46	0	ZEROING DATA	True	0.7130717	98.99064	100	99.42322	0.01965332	4.295386E-06	0	0.0196476	0	0	0	99.99996	4.367246E-05	10.0806	0	3.516479	0	6.564117	0	0	0	0	1	1	1	1	1	1	1	
	7	2018-10-30_15:31:47	0	Presets_dockPreset_1	True	0.655329	58.27662	42.71106	50.39601	4.338232E-06	150	0	149.9395	15.24173	148.1498	161.2104	99.46065	0.6939349	12.19047	0	4.688637	0	7.501831	0	0	0	0	1	0	1	0	0	0	0	
	8	2018-10-30_15:31:48	0	ZEROING DATA	True	0.7144187	99.93063	100	99.96036	4.795566E-10	6.243799E-06	0	0.03064072	0	0	0	99.99998	3.405218E-05	7.736267	0	0	0	7.736267	0	0	0	0	1	1	1	1	1	1	1	
	9	2018-10-30_15:31:49	0	Presets_dockPreset_3	False	0.7149234	51.26087	70.08537	54.7124	109.974	113.2471	0	134.9681	58.16306	141.7081	19.83089	99.54095	0.6421013	0	0	0	0	0	0	0	0	0	0	0	1	0	0	0	0	
	10	2018-10-30_15:31:49	0	ZEROING DATA	True	0.594727	99.70417	100	99.83096	0.08825684	7.271053E-05	0	0.1084194	0	0	0	99.99987	0.00021861	0	0	0	0	0	0	0	0	0	1	1	1	1	1	1	1	
	11	2018-10-30_15:31:50	0	Ltd Random	True	0.6522225	59.97829	66.66666	62.84474	29.98697	109.1727	0	149.9343	1.024528E-05	90	90	99.50121	0.5212156	30.47624	10.0806	7.501862	0	12.89378	0	0	0	0	0	0	1	0	1	0	0	
	12	2018-10-30_15:31:51	0	ZEROING DATA	True	0.5981376	99.5627	100	99.75011	0.02243042	6.005498E-05	0	0.1109752	0	0	0	99.9999	0.0001482952	5.157471	5.157471	0	0	0	0	0	0	0	1	1	1	1	1	1	1	
	13	2018-10-30_15:31:51	0	BAD DATA	False	0.5936523	54.48779	66.66666	59.70731	89.92392	89.99994	0	149.8739	1.024528E-05	90	90	99.57874	0.566442	15.00372	2.813202	7.501862	0	4.688652	0	0	0	0	0	0	1	0	1	0	0	
	14	2018-10-30_15:31:52	0	ZEROING DATA	True	0.7161919	99.42075	100	99.669	0.01843262	3.76701E-06	0	0.03075705	0	0	0	99.99995	5.465936E-05	9.142853	4.219788	4.923065	0	0	0	0	0	0	1	1	1	1	1	1	1	
	15	2018-10-30_15:31:53	0	Presets_dockPreset_5	False	0.6516358	87.24492	63.72301	75.7274	4.315375E-06	2.067928E-13	0	89.96113	18.1024	69.80328	126.0925	99.76488	0.3377326	4.454193	2.109863	2.34433	0	0	0	0	0	0	1	1	1	0	0	0	0	
	16	2018-10-30_15:31:54	0	ZEROING DATA	True	1.308173	99.6744	100	99.81394	7.582058E-13	6.383697E-27	0	3.09043E-05	0	0	0	100	3.433811E-08	4.454224	2.34433	2.109894	0	0	0	0	0	0	1	1	1	1	1	1	1	
	17	2018-10-30_15:31:55	0	BAD DATA	False	0.8311794	60.06555	88.88889	65.27555	90.43219	50.233	0	149.9105	90	60	0	99.56328	0.4895285	6.095245	0	0	0	6.095245	0	0	0	0	0	0	1	0	0	0	1	
	18	2018-10-30_15:31:56	0	ZEROING DATA	True	0.8311356	99.57873	100	99.75927	0.00545743	1.86625E-07	0	0.009021414	0	0	0	99.99998	1.608781E-05	18.05121	5.626343	5.626335	0	6.798531	0	0	0	0	1	1	1	1	1	1	1	
	19	2018-10-30_15:31:57	0	Ltd Random	True	0.6517242	48.88227	83.33334	56.50416	89.96124	129.5571	0	149.9358	90	90	0	99.52054	0.6105047	13.3626	4.688622	2.109863	0	6.564117	0	0	0	0	0	0	1	0	0	0	1	
	20	2018-10-30_15:31:58	0	ZEROING DATA	True	0.9530621	98.95864	100	99.40494	0.001505589	3.622284E-08	0	0.002510328	0	0	0	99.99999	4.46217E-06	10.08057	7.032959	3.047607	0	0	0	0	0	0	1	1	1	1	1	1	1	
	21	2018-10-30_15:31:59	0	Presets_dockPreset_2	False	0.5954349	62.55122	66.25726	59.59542	89.93286	89.99994	0	89.93285	57.25566	88.21588	93.9949	99.63915	0.5659245	4.219788	4.219788	0	0	0	0	0	0	0	0	0	1	0	0	0	0	
	22	2018-10-30_15:32:00	0	ZEROING DATA	True	0.6520022	99.93488	100	99.96279	0.03878784	1.673534E-05	0	0.03877826	0	0	0	99.99994	8.620315E-05	4.92308	2.578758	0	0	2.344322	0	0	0	0	1	1	1	1	1	1	1	
	23	2018-10-30_15:32:01	0	Ltd Random	False	0.6577235	70.48148	55.55556	64.08465	89.966	90	0	29.98864	5.122642E-06	150	90	99.66062	0.4999496	2.109894	2.109894	0	0	0	0	0	0	0	0	0	1	0	1	0	0	
	24	2018-10-30_15:32:01	0	ZEROING DATA	True	0.592599	99.62769	100	99.78725	0.07641602	6.494673E-05	0	0.02553014	0	0	0	99.99992	0.0001133457	14.06592	3.047615	4.923088	0	6.095215	0	0	0	0	1	1	1	1	1	1	1	
	25	2018-10-30_15:32:02	0	Ltd Random	False	0.7125648	57.32732	55.55556	56.56799	89.97894	128.9265	0	89.97893	5.122642E-06	90	150	99.53397	0.6098715	5.157509	2.109887	0	0	3.047623	0	0	0	0	0	0	1	0	1	0	0	
	26	2018-10-30_15:32:03	0	ZEROING DATA	True	0.7155678	99.77208	100	99.86976	0.01828003	5.326191E-06	0	0.01829392	0	0	0	99.99997	4.064364E-05	2.109894	2.109894	0	0	0	0	0	0	0	1	1	1	1	1	1	1	
	27	2018-10-30_15:32:04	0	Ltd Random	True	0.6540663	79.33485	55.55556	69.14372	30.30627	30.00143	0	90.12239	5.122642E-06	150	90	99.65117	0.4338112	15.00368	2.578735	6.095276	0	6.329674	0	0	0	0	0	0	1	0	1	0	0	
	28	2018-10-30_15:32:05	0	ZEROING DATA	True	0.7152064	99.41563	100	99.66608	0.006225586	1.280319E-06	0	0.01856564	0	0	0	99.99998	2.754723E-05	8.439576	4.219789	4.219788	0	0	0	0	0	0	1	1	1	1	1	1	1	
	29	2018-10-30_15:32:05	0	Presets_dockPreset_4	False	0.6520088	79.64892	51.5473	64.68945	109.9523	37.27875	0	4.088508E-06	36.74051	115.1184	146.5262	99.63422	0.495129	8.673965	2.109863	0	0	6.564102	0	0	0	0	0	0	1	1	0	0	0	
	30	2018-10-30_15:32:06	0	ZEROING DATA	True	0.654278	99.15998	100	99.51999	0.04708862	7.089071E-06	0	9.517465E-10	0	0	0	99.99997	5.232857E-05	0	0	0	0	0	0	0	0	0	1	1	1	1	1	1	1	
	31	2018-10-30_15:32:07	0	Presets_dockPreset_2	False	0.7156922	62.24467	91.6368	70.48274	89.98145	90	0	89.98144	54.91779	40.88239	4.278898	99.69706	0.4111577	2.109894	0	2.109894	0	0	0	0	0	0	0	0	1	0	0	0	1	
	32	2018-10-30_15:32:08	0	ZEROING DATA	True	0.7119989	99.86976	100	99.92558	0.01940918	4.199077E-06	0	0.01942158	0	0	0	99.99996	4.314995E-05	10.0806	0	5.157524	0	4.92308	0	0	0	0	1	1	1	1	1	1	1	
	33	2018-10-30_15:32:08	0	Presets_dockPreset_1	False	0.5941913	58.48013	82.62139	66.88924	8.47202E-06	150	0	149.8808	24.40808	27.75388	66.09061	99.66187	0.4645927	13.36266	0	6.095276	0	7.267387	0	0	0	0	1	0	1	0	0	0	0	
	34	2018-10-30_15:32:09	0	ZEROING DATA	True	0.6542472	99.42231	100	99.66989	1.854165E-09	2.438843E-05	0	0.06037397	0	0	0	99.99995	6.710929E-05	12.65935	2.109894	6.095245	0	4.454207	0	0	0	0	1	1	1	1	1	1	1	
	35	2018-10-30_15:32:10	0	Ltd Random	False	0.8915526	59.51892	72.22222	64.9632	89.99713	50.76813	0	149.9952	5.008957E-06	5.008956E-06	150	99.53697	0.4897338	5.391945	0	0	0	5.391945	0	0	0	0	0	0	1	0	1	1	0	
	36	2018-10-30_15:32:11	0	ZEROING DATA	True	0.5928444	99.844	100	99.91086	0.07543945	3.576347E-05	0	0.1243947	0	0	0	99.99985	0.0002220777	9.846169	0	4.923096	0	4.923073	0	0	0	0	1	1	1	1	1	1	1	
	37	2018-10-30_15:32:12	0	Presets_dockPreset_4	True	0.5966431	78.87811	80.5426	77.10568	109.917	37.23749	0	4.776106E-05	31.32084	55.30158	49.76837	99.79873	0.3150504	4.21978	2.109894	0	0	2.109886	0	0	0	0	0	0	1	1	0	0	0	
	38	2018-10-30_15:32:12	0	ZEROING DATA	True	0.591832	99.52455	100	99.72832	0.09329224	2.755876E-05	0	2.176495E-08	0	0	0	99.99993	0.0001036887	10.08055	5.391907	2.578751	0	2.109894	0	0	0	0	1	1	1	1	1	1	1	
	39	2018-10-30_15:32:13	0	Ltd Random	False	0.5348943	54.60915	72.22222	62.15761	89.85986	89.99979	0	149.7677	5.008957E-06	150	5.008956E-06	99.65623	0.5329193	11.0183	0	7.736236	0	3.282059	0	0	0	0	0	0	1	0	1	0	1	
	40	2018-10-30_15:32:14	0	ZEROING DATA	True	0.7138153	99.80633	100	99.88934	0.01855469	3.831829E-06	0	0.03072836	0	0	0	99.99996	5.47632E-05	4.688599	0	4.688599	0	0	0	0	0	0	1	1	1	1	1	1	1	
	41	2018-10-30_15:32:14	0	Ltd Random	False	0.4736162	67.80458	83.33333	67.3169	89.74362	50.20987	0	89.74366	90	90.00001	0	99.7844	0.4552191	0	0	0	0	0	0	0	0	0	0	0	1	0	0	0	1	
	42	2018-10-30_15:32:16	0	ZEROING DATA	True	0.952644	99.70696	100	99.83255	0.001487387	1.400291E-08	0	0.001487387	0	0	0	100	3.30532E-06	5.626381	2.109886	0	0	3.516495	0	0	0	0	1	1	1	1	1	1	1	
	43	2018-10-30_15:32:16	0	Presets_dockPreset_3	False	0.5361193	50.35027	70.56877	57.41518	109.8386	113.3065	0	134.8019	20.16205	155.4828	3.445799	99.68009	0.5967085	0	0	0	0	0	0	0	0	0	0	0	1	0	0	0	1	
	44	2018-10-30_15:32:17	0	ZEROING DATA	True	0.4726868	99.63132	100	99.78933	0.3331604	0.001040833	0	0.4078262	0	0	0	99.99956	0.0008244749	6.329674	4.219788	0	0	2.109886	0	0	0	0	1	1	1	1	1	1	1	
	45	2018-10-30_15:32:17	0	Ltd Random	True	0.4187087	54.34204	100	66.76688	89.52536	89.99747	0	149.2144	90	0	0	99.78011	0.4652636	5.391945	0	0	0	5.391945	0	0	0	0	0	0	1	0	0	1	1	
	46	2018-10-30_15:32:18	0	ZEROING DATA	True	0.5377961	99.52366	100	99.72781	0.131897	0.0001945051	0	0.2185186	0	0	0	99.99979	0.0003895668	0	0	0	0	0	0	0	0	0	1	1	1	1	1	1	1	
	47	2018-10-30_15:32:19	0	Presets_dockPreset_5	True	0.4735635	87.44106	61.23993	71.89088	0.0002059708	4.74225E-10	0	89.7213	54.4462	45.85825	163.4461	99.74403	0.3927467	17.81679	4.923035	5.860779	0	7.032974	0	0	0	0	1	1	1	0	0	0	0	
	48	2018-10-30_15:32:19	0	ZEROING DATA	True	0.4180534	99.73852	100	99.85059	5.95184E-07	3.959824E-15	0	0.4760644	0	0	0	99.99978	0.0005289611	0	0	0	0	0	0	0	0	0	1	1	1	1	1	1	1	
	49	2018-10-30_15:32:20	0	Presets_dockPreset_4	True	0.5325211	78.52178	66.40665	71.88907	109.828	37.11902	0	1.132015	18.15042	159.2443	22.15984	99.32021	0.3862596	22.73987	10.78381	3.047607	0	8.908447	0	0	0	2	0	0	1	3	0	0	0	
	50	2018-10-30_15:32:20	0	ZEROING DATA	True	0.418065	98.77944	100	99.30254	0.5785828	0.001072444	0	0.003257171	0	0	0	99.99969	0.0006476804	5.39193	0	2.109886	0	3.282043	0	0	0	0	1	1	1	1	1	1	1	
	51	2018-10-30_15:32:22	0	Ltd Random	True	1.246256	76.47741	83.33333	79.41566	90.00253	50.99426	0	30.00686	5.008957E-06	90	5.008957E-06	99.50873	0.2900041	44.7766	9.377319	20.63005	0	14.76923	0	0	0	0	0	0	1	0	1	0	1	
	52	2018-10-30_15:32:22	0	ZEROING DATA	True	0.475331	99.79622	100	99.88355	0.2601624	0.0004223525	0	0.08676931	0	0	0	99.99976	0.0003859489	15.94131	11.48712	4.454193	0	0	0	0	0	0	1	1	1	1	1	1	1	
	53	2018-10-30_15:32:23	0	Presets_dockPreset_2	False	0.8329781	62.1108	83.6263	65.19046	89.99454	90	0	89.99453	77.37997	25.45444	62.96357	99.5751	0.4842078	4.454224	0	4.454224	0	0	0	0	0	0	0	0	1	0	0	0	0	
	54	2018-10-30_15:32:24	0	ZEROING DATA	True	0.4169752	99.40887	100	99.66222	0.4857178	0.002623788	0	0.4857086	0	0	0	99.99955	0.001082278	0	0	0	0	0	0	0	0	0	1	1	1	1	1	1	1	
	55	2018-10-30_15:32:25	0	Ltd Random	False	0.6519484	68.30019	100	74.74297	29.98782	109.4596	0	89.96333	90	0	0	99.69791	0.3549008	19.92675	7.032959	4.68866	0	8.205132	0	0	0	0	0	0	1	0	0	1	1	
	56	2018-10-30_15:32:25	0	ZEROING DATA	True	0.4766086	99.91962	100	99.95406	0.0864563	0.000894818	0	0.2587882	0	0	0	99.99982	0.0003845992	0	0	0	0	0	0	0	0	0	1	1	1	1	1	1	1	
	57	2018-10-30_15:32:26	0	Ltd Random	True	0.593448	54.16077	100	73.80616	89.92804	89.99994	0	149.88	5.008956E-06	5.008956E-06	5.008956E-06	99.76192	0.3664533	5.626358	5.626358	0	0	0	0	0	0	0	0	0	1	0	1	1	1	
	58	2018-10-30_15:32:26	0	ZEROING DATA	True	0.5328814	99.9257	100	99.95754	0.1509094	0.0002526556	0	0.2521309	0	0	0	99.99966	0.0004481034	21.33336	5.626374	5.860831	0	9.846152	0	0	0	0	1	1	1	1	1	1	1	
	59	2018-10-30_15:32:34	0	Presets_dockPreset_1	True	7.155607	58.30077	89.69836	70.53875	6.082802E-36	150	0	150	15.34851	7.4849	48.14394	96.634	0.4121971	101.0403	32.58598	32.11733	0	36.33701	0	0	0	0	1	0	1	0	0	0	0	
	60	2018-10-30_15:32:34	0	ZEROING DATA	True	0.4758947	99.84806	100	99.91318	8.813107E-39	0.001042221	0	0.3917148	0	0	0	99.99979	0.0004363966	0	0	0	0	0	0	0	0	0	1	1	1	1	1	1	1	
	61	2018-10-30_15:32:35	0	Ltd Random	True	0.5960901	79.1809	33.33333	57.15099	29.97437	29.99997	0	89.9232	30	180	180	99.64241	0.5998861	0	0	0	0	0	0	0	0	0	0	0	1	0	0	0	0	
	62	2018-10-30_15:32:36	0	ZEROING DATA	True	0.4748415	99.84576	100	99.91187	0.08624268	0.0002481645	0	0.2587361	0	0	0	99.99979	0.0003835855	8.674011	8.674011	0	0	0	0	0	0	0	1	1	1	1	1	1	1	
	63	2018-10-30_15:32:36	0	Ltd Random	False	0.4773885	67.57223	50	57.66032	89.73822	50.48679	0	89.73849	30	90	180	99.71889	0.5888484	0	0	0	0	0	0	0	0	0	0	0	1	0	0	0	0	
	64	2018-10-30_15:32:37	0	ZEROING DATA	True	0.5331931	99.70033	100	99.82876	0.1410217	0.0001253502	0	0.1410263	0	0	0	99.99979	0.000313526	11.01836	0	5.391968	0	5.626388	0	0	0	0	1	1	1	1	1	1	1	
	65	2018-10-30_15:32:38	0	Ltd Random	False	0.5351986	87.38279	100	92.79016	29.95313	29.99994	0	29.95314	5.008956E-06	5.008956E-06	5.008956E-06	99.94653	0.09989581	0	0	0	0	0	0	0	0	0	0	0	1	0	1	1	1	
	66	2018-10-30_15:32:39	0	ZEROING DATA	True	1.134741	99.60927	100	99.77673	6.12297E-05	1.251916E-10	0	6.12297E-05	0	0	0	100	1.360661E-07	6.095207	6.095207	0	0	0	0	0	0	0	1	1	1	1	1	1	1	
	67	2018-10-30_15:32:40	0	Presets_dockPreset_3	False	0.6531916	50.32185	43.20627	47.26739	109.9499	113.2631	0	134.9385	0.06204033	153.8946	152.7915	99.44123	0.7387774	10.31504	0	4.923096	0	5.391945	0	0	0	0	0	0	1	0	1	0	0	
	68	2018-10-30_15:32:40	0	ZEROING DATA	True	0.5946733	99.80731	100	99.88989	0.08599854	6.941325E-05	0	0.105157	0	0	0	99.99986	0.0002124721	2.109894	0	2.109894	0	0	0	0	0	0	1	1	1	1	1	1	1	
	69	2018-10-30_15:32:41	0	Ltd Random	False	0.6543199	78.48963	83.33333	73.42265	29.98792	30	0	89.96368	90	90.00001	0	99.70597	0.3666129	14.7692	2.813171	7.736252	0	4.219772	0	0	0	0	0	0	1	0	0	0	1	
	70	2018-10-30_15:32:42	0	ZEROING DATA	True	0.6560854	99.08119	100	99.47497	0.01281738	5.490083E-06	0	0.03848338	0	0	0	99.99995	5.700695E-05	8.908394	0	4.688637	0	4.219757	0	0	0	0	1	1	1	1	1	1	1	
	71	2018-10-30_15:32:43	0	Presets_dockPreset_5	True	0.6550617	86.43037	45.65942	64.20999	2.682056E-06	2.39854E-13	0	89.9651	59.8136	170.2563	123.1829	99.58504	0.4924643	18.75458	10.78387	5.157509	0	2.813202	0	0	0	0	1	1	1	0	0	0	0	
	72	2018-10-30_15:32:43	0	ZEROING DATA	True	0.5980741	98.98074	100	99.41756	1.06755E-09	3.800033E-20	0	0.07125758	0	0	0	99.99995	7.917509E-05	5.860794	0	2.578751	0	3.282043	0	0	0	0	1	1	1	1	1	1	1	
	73	2018-10-30_15:32:44	0	Presets_dockPreset_1	True	0.5926926	58.21957	81.27306	67.68707	4.595668E-13	150	0	149.8813	5.198453	59.75296	41.3725	99.68171	0.4513392	11.25275	2.34433	2.813186	0	6.09523	0	0	0	0	1	0	1	0	0	0	0	
	74	2018-10-30_15:32:45	0	ZEROING DATA	True	0.5950204	99.20374	100	99.54499	1.975011E-16	0.0001082678	0	0.1275833	0	0	0	99.99992	0.0001418796	0	0	0	0	0	0	0	0	0	1	1	1	1	1	1	1	
	75	2018-10-30_15:32:45	0	Presets_dockPreset_2	True	0.5950698	62.38965	76.42184	65.15958	89.92841	89.99994	0	89.92844	40.8728	59.61224	67.70984	99.69781	0.4867241	2.578758	0	0	0	2.578758	0	0	0	0	0	0	1	0	0	0	0	
	76	2018-10-30_15:32:46	0	ZEROING DATA	True	0.5916055	99.94615	100	99.96923	0.07666016	6.518399E-05	0	0.07666761	0	0	0	99.99987	0.0001704366	17.58234	5.157463	5.626342	0	6.798538	0	0	0	0	1	1	1	1	1	1	1	
	77	2018-10-30_15:32:47	0	Presets_dockPreset_4	True	0.6533653	79.34969	67.48133	67.68377	109.9494	38.56329	0	0.7681745	82.90137	148.3245	27.27631	99.70396	0.4530923	0	0	0	0	0	0	0	0	0	0	0	1	1	0	0	0	
	78	2018-10-30_15:32:48	0	ZEROING DATA	True	0.5956087	99.88108	100	99.93204	0.08184814	2.096208E-05	0	0.0002927675	0	0	0	99.99994	9.129097E-05	4.923096	0	4.923096	0	0	0	0	0	0	1	1	1	1	1	1	1	
	79	2018-10-30_15:32:48	0	Presets_dockPreset_3	True	0.4132315	51.20922	86.11337	59.22573	109.377	113.3061	0	134.2368	87.47446	11.18663	63.80115	99.68712	0.5770913	12.89377	2.109863	5.39196	0	5.391945	0	0	0	0	0	0	1	0	0	0	0	
	80	2018-10-30_15:32:49	0	ZEROING DATA	True	0.4183038	99.75554	100	99.86031	0.5794678	0.003171896	0	0.708605	0	0	0	99.9994	0.001434716	0	0	0	0	0	0	0	0	0	1	1	1	1	1	1	1	
	81	2018-10-30_15:32:50	0	Ltd Random	False	1.482683	81.79128	88.88889	77.69025	30	69.69617	0	29.99999	90	60	0	99.50134	0.3107735	12.19049	12.19049	0	0	0	0	0	0	0	0	0	1	0	0	0	1	
	82	2018-10-30_15:32:51	0	ZEROING DATA	True	0.5376164	99.64182	100	99.79533	0.04156494	0.0001325253	0	0.04157532	0	0	0	99.99994	9.252532E-05	9.611633	9.611633	0	0	0	0	0	0	0	1	1	1	1	1	1	1	
	83	2018-10-30_15:32:52	0	Presets_dockPreset_5	True	0.5948312	87.05412	82.57116	80.91454	1.792247E-05	2.462767E-11	0	89.92834	53.15076	55.97214	38.14362	99.80492	0.2635499	14.53481	0	11.25276	0	3.282051	0	0	0	0	1	1	1	0	0	0	0	
	84	2018-10-30_15:32:52	0	ZEROING DATA	True	0.5957311	99.78138	100	99.87508	7.228305E-09	4.005905E-18	0	0.06694869	0	0	0	99.99994	7.438744E-05	19.22345	10.315	8.908447	0	0	0	0	0	0	1	1	1	1	1	1	1	
	85	2018-10-30_15:32:53	0	Ltd Random	False	0.654045	79.73071	50	64.60802	30.4946	30.00385	0	90.12914	30	180	90	99.67252	0.5006973	0	0	0	0	0	0	0	0	0	0	0	1	0	0	0	0	
	86	2018-10-30_15:32:54	0	ZEROING DATA	True	0.6562294	99.7983	100	99.88474	0.01150513	4.333959E-06	0	0.0341377	0	0	0	99.99996	5.071907E-05	9.142822	4.923035	4.219788	0	0	0	0	0	0	1	1	1	1	1	1	1	
	87	2018-10-30_15:32:55	0	Ltd Random	False	0.6550017	77.19367	83.33333	79.82496	89.96133	51.05566	0	29.98708	5.008957E-06	5.008957E-06	90	99.81004	0.2900046	0	0	0	0	0	0	0	0	0	0	0	1	0	1	1	0	
	88	2018-10-30_15:33:01	0	ZEROING DATA	True	5.603045	99.93488	100	99.96279	1.588768E-25	1.611493E-43	0	5.288821E-26	0	0	0	100	2.352945E-28	88.14645	27.66296	30.47617	0	30.00733	0	0	0	0	1	1	1	1	1	1	1	
	89	2018-10-30_15:33:02	0	Ltd Random	False	1.067992	49.05251	100	63.74429	90.00323	129.1702	0	149.9928	90	0	0	99.29366	0.5101847	31.64834	11.72156	10.31506	0	9.611725	0	0	0	0	0	0	1	0	0	1	1	
	90	2018-10-30_15:33:02	0	ZEROING DATA	True	0.5975143	99.83098	100	99.90342	0.06765747	7.297296E-05	0	0.1125286	0	0	0	99.99986	0.0002002878	7.032929	4.688599	2.34433	0	0	0	0	0	0	1	1	1	1	1	1	1	
	91	2018-10-30_15:33:03	0	Presets_dockPreset_1	True	0.5374565	57.94166	74.1846	59.71975	4.346985	150	0	149.1764	65.30801	9.039825	130.3633	99.11987	0.564705	2.109886	0	0	0	2.109886	0	0	0	3	4	0	1	0	0	0	0	
	92	2018-10-30_15:33:04	0	ZEROING DATA	True	0.6532708	99.45465	100	99.68837	0.0009523987	2.406058E-05	0	0.05977846	0	0	0	99.99994	6.750546E-05	23.67758	4.688629	11.48712	0	7.50183	0	0	0	0	1	1	1	1	1	1	1	
	93	2018-10-30_15:33:05	0	Ltd Random	False	0.5929986	65.60519	83.33333	66.06011	89.9234	129.6201	0	29.97451	90	90.00001	0	99.66777	0.4772423	10.31497	0	4.688599	0	5.626373	0	0	0	0	0	0	1	0	0	0	1	
	94	2018-10-30_15:33:05	0	ZEROING DATA	True	0.5354792	99.84367	100	99.91068	0.1411133	0.0003181032	0	0.04703228	0	0	0	99.99989	0.0002094041	0	0	0	0	0	0	0	0	0	1	1	1	1	1	1	1	
	95	2018-10-30_15:33:06	0	Presets_dockPreset_2	False	0.712881	62.83194	65.09698	62.25355	90.03073	89.99976	0	89.92387	19.519	178.5051	9.971161	99.49444	0.5310552	23.91209	10.78387	4.923095	0	8.205124	0	0	0	0	0	0	1	0	0	0	0	
	96	2018-10-30_15:33:07	0	ZEROING DATA	True	0.6531205	99.84792	100	99.9131	0.03863525	1.659699E-05	0	0.03859817	0	0	0	99.99994	8.583335E-05	11.72164	0	5.626403	0	6.095238	0	0	0	0	1	1	1	1	1	1	1	
	97	2018-10-30_15:33:08	0	Ltd Random	False	1.487021	76.23359	61.11111	67.37157	30.00668	109.2311	0	30.00495	30	30	180	99.2652	0.4547141	12.89371	4.923035	5.860779	0	2.109894	0	0	0	0	0	0	1	0	0	0	0	
	98	2018-10-30_15:33:09	0	ZEROING DATA	True	0.6514826	99.71078	100	99.83473	0.01376343	2.301559E-05	0	0.01377748	0	0	0	99.99997	3.062658E-05	18.98901	6.095216	4.923096	0	7.970702	0	0	0	0	1	1	1	1	1	1	1	
	99	2018-10-30_15:33:10	0	Presets_dockPreset_4	False	0.7120285	79.55798	80.46616	77.82369	109.9742	38.28735	0	0.7963691	26.75623	34.90634	70.5764	99.7159	0.3125521	19.69227	5.626373	5.157471	0	8.908423	0	0	0	0	0	0	1	1	0	0	0	
	100	2018-10-30_15:33:11	0	ZEROING DATA	True	0.5958531	99.59798	100	99.77027	0.08172607	2.090512E-05	0	0.0003035968	0	0	0	99.99994	9.116731E-05	5.626373	5.626373	0	0	0	0	0	0	0	1	1	1	1	1	1	1	
	101	2018-10-30_15:33:11	0	Presets_dockPreset_3	True	0.5924353	50.36004	54.52683	45.39806	109.9121	113.3066	0	134.8923	85.02153	172.2775	73.27765	99.40136	0.7652085	18.98891	6.798462	4.688599	0	7.501846	0	0	0	0	0	0	1	0	0	0	0	
	102	2018-10-30_15:33:12	0	ZEROING DATA	True	0.6587275	99.8685	100	99.92486	0.04107666	1.585622E-05	0	0.05017711	0	0	0	99.99991	0.0001014107	24.84977	10.54938	8.674011	0	5.626381	0	0	0	0	1	1	1	1	1	1	1	
	103	2018-10-30_15:33:13	0	Presets_dockPreset_5	False	0.5948254	86.89207	64.05642	74.70059	1.802185E-05	3.053254E-12	0	89.9229	30.30007	134.4321	59.66327	99.78407	0.3492426	2.34433	0	2.34433	0	0	0	0	0	0	1	1	1	0	0	0	0	
	104	2018-10-30_15:33:14	0	ZEROING DATA	True	0.6544231	99.66902	100	99.81087	3.94311E-09	1.461645E-19	0	0.03871219	0	0	0	99.99997	4.301355E-05	4.454224	4.454224	0	0	0	0	0	0	0	1	1	1	1	1	1	1	
	105	2018-10-30_15:33:14	0	Ltd Random	True	0.5927198	76.01698	100	86.29542	89.89871	50.37332	0	30.53026	5.008956E-06	5.008956E-06	5.008956E-06	99.85904	0.1897803	15.00363	5.860779	5.860802	0	3.282051	0	0	0	0	0	0	1	0	1	1	1	
	106	2018-10-30_15:33:15	0	ZEROING DATA	True	0.7184312	98.88972	100	99.36555	0.01745605	1.922018E-06	0	0.005892083	0	0	0	99.99998	2.594451E-05	15.70698	4.688659	7.032974	0	3.985352	0	0	0	0	1	1	1	1	1	1	1	
	107	2018-10-30_15:33:16	0	Ltd Random	True	0.7113737	73.43237	83.33333	70.53278	29.99341	69.67224	0	89.98029	90	90.00001	0	99.62984	0.4107177	18.98902	8.439545	10.54948	0	0	0	0	0	0	0	0	1	0	0	0	1	
	108	2018-10-30_15:33:17	0	ZEROING DATA	True	0.5366412	99.61734	100	99.78134	0.04415894	0.000149574	0	0.1320664	0	0	0	99.99989	0.0001959721	2.109894	0	0	0	2.109894	0	0	0	0	1	1	1	1	1	1	1	
	109	2018-10-30_15:33:17	0	Presets_dockPreset_4	True	0.4143911	79.69264	54.89674	66.46294	109.3708	38.24832	0	0.0004073409	32.79639	97.18802	146.3696	99.79153	0.4710817	2.813194	0	0	0	2.813194	0	0	0	0	0	0	1	1	0	0	0	
	110	2018-10-30_15:33:18	0	ZEROING DATA	True	0.4183754	99.49638	100	99.71221	0.5795593	0.001056115	0	1.103608E-06	0	0	0	99.99972	0.0006451295	2.109894	2.109894	0	0	0	0	0	0	0	1	1	1	1	1	1	1	
	111	2018-10-30_15:33:18	0	Presets_dockPreset_1	True	0.4184749	57.17536	73.20498	64.00255	13.56003	150	0	144.3085	0.5373816	47.00235	97.69077	99.78932	0.5034434	0	0	0	0	0	0	0	0	0	0	0	1	0	1	0	0	
	112	2018-10-30_15:33:19	0	ZEROING DATA	True	0.4175089	99.51919	100	99.72525	0.03933716	0.00486093	0	0.8389248	0	0	0	99.99959	0.0009812476	0	0	0	0	0	0	0	0	0	1	1	1	1	1	1	1	
	113	2018-10-30_15:33:20	0	Presets_dockPreset_2	False	0.5920328	62.58622	46.60203	52.24275	89.92389	89.99994	0	89.92425	44.01315	112.7037	175.6454	99.49091	0.6691225	16.87915	0	6.798553	0	10.0806	0	0	0	0	0	0	1	0	0	0	0	
	114	2018-10-30_15:33:20	0	ZEROING DATA	True	0.5985412	99.56269	100	99.75011	0.06668091	4.953111E-05	0	0.06669152	0	0	0	99.99989	0.0001482466	8.90844	4.219788	2.109894	0	2.578758	0	0	0	0	1	1	1	1	1	1	1	
	115	2018-10-30_15:33:21	0	Ltd Random	True	0.5981119	56.8003	100	75.31446	89.93323	129.5304	0	89.93324	5.008956E-06	5.008956E-06	5.008956E-06	99.78713	0.3437743	2.109863	0	2.109863	0	0	0	0	0	0	0	0	1	0	1	1	1	
	116	2018-10-30_15:33:22	0	ZEROING DATA	True	0.5924047	99.81738	100	99.89565	0.07141113	8.088411E-05	0	0.07140599	0	0	0	99.99989	0.0001587756	10.31498	0	4.923035	0	5.391945	0	0	0	0	1	1	1	1	1	1	1	
	117	2018-10-30_15:33:23	0	Ltd Random	True	0.7169138	76.40347	72.22222	67.46865	29.99377	108.2664	0	29.99376	90	150	0	99.6748	0.4536155	0	0	0	0	0	0	0	0	0	0	0	1	0	0	0	1	
	118	2018-10-30_15:33:23	0	ZEROING DATA	True	0.5333451	99.98753	100	99.99287	0.04476929	0.0002397091	0	0.04476751	0	0	0	99.99993	9.975167E-05	13.59709	0	6.564118	0	7.032974	0	0	0	0	1	1	1	1	1	1	1	
	119	2018-10-30_15:33:24	0	Ltd Random	True	0.6533434	66.22211	83.33333	66.41264	89.96146	129.113	0	29.98712	90	90.00001	0	99.67847	0.4767351	2.109886	0	0	0	2.109886	0	0	0	0	0	0	1	0	0	0	1	
	120	2018-10-30_15:33:25	0	ZEROING DATA	True	0.5950345	99.78527	100	99.8773	0.07125854	8.098664E-05	0	0.02377346	0	0	0	99.99994	0.0001056811	0	0	0	0	0	0	0	0	0	1	1	1	1	1	1	1	
	121	2018-10-30_15:33:26	0	Ltd Random	True	0.7116138	62.83152	83.33333	71.61801	89.97867	90	0	89.97868	5.008957E-06	90	5.008957E-06	99.64881	0.3999526	16.64465	6.564056	4.923096	0	5.157501	0	0	0	0	0	0	1	0	1	0	1	
	122	2018-10-30_15:33:26	0	ZEROING DATA	True	0.5934528	99.30502	100	99.60287	0.07675171	6.552963E-05	0	0.07676598	0	0	0	99.99989	0.000170648	6.798546	0	2.813202	0	3.985344	0	0	0	0	1	1	1	1	1	1	1	
	123	2018-10-30_15:33:27	0	Ltd Random	True	0.7149332	64.87579	100	72.78616	33.95181	69.76105	0	146.8371	90	0	0	99.72948	0.3783889	0	0	0	0	0	0	0	0	0	0	0	1	0	0	1	1	
	124	2018-10-30_15:33:28	0	ZEROING DATA	True	0.4133086	99.85728	100	99.91844	0.1839905	0.002267082	0	0.8413725	0	0	0	99.99934	0.001141811	16.87906	5.157471	6.095215	0	5.626373	0	0	0	0	1	1	1	1	1	1	1	
	125	2018-10-30_15:33:28	0	Ltd Random	True	0.4162285	65.86587	88.88889	68.59002	46.13138	109.7412	0	89.42434	90	60	0	99.81718	0.4392188	0	0	0	0	0	0	0	0	0	0	0	1	0	0	0	1	
	126	2018-10-30_15:33:29	0	ZEROING DATA	True	0.4739832	99.52324	100	99.72756	0.1129456	0.0009296152	0	0.262669	0	0	0	99.9998	0.0004183825	0	0	0	0	0	0	0	0	0	1	1	1	1	1	1	1	
	127	2018-10-30_15:33:30	0	Presets_dockPreset_3	False	0.5967722	50.00173	79.04033	56.46101	109.9182	113.2937	0	134.9001	75.42151	25.49506	87.68716	99.63748	0.607462	0	0	0	0	0	0	0	0	0	0	0	1	0	0	0	0	
	128	2018-10-30_15:33:30	0	ZEROING DATA	True	0.6533446	99.36278	100	99.63587	0.04516602	1.90585E-05	0	0.05547041	0	0	0	99.99991	0.0001118394	11.01834	4.68866	0	0	6.329681	0	0	0	0	1	1	1	1	1	1	1	
	129	2018-10-30_15:33:31	0	Presets_dockPreset_5	False	0.5948291	87.08683	40.51424	63.23573	1.954686E-05	3.568924E-12	0	89.92723	49.03198	178.1122	143.1109	99.6527	0.5113137	8.439583	0	4.923096	0	3.516487	0	0	0	0	1	1	1	0	0	0	0	


