
Angles Over Time
Frames	Rotate	ChildRotate	RotateInverse	ChildRotateInverse	Docking x	Docking y	Docking z	
0	0.2344288	-0.9377136	0	-1.206945E-07	0	0	0	
1	4.002056E-07	-0.4688721	0	-1.206945E-07	0	0	0	
2	4.002056E-07	-0.9377136	0	-1.206945E-07	0	0	0	
3	4.002056E-07	-2.813171	0	1.875458	0	0	0	
4	-2.109894	-0.7032776	0	0.4688643	0	0	0	
5	3.391591E-07	-0.7032776	0	0.4688643	0	0	0	
6	-0.234436	-0.4688721	0	0.2344282	0	0	0	
7	3.468448E-07	-0.7032776	0	0.4688643	0	0	0	
8	-0.234436	-0.4688721	0	0.2344282	0	0	0	
9	3.468448E-07	-0.7032776	0	1.406593	0	0	0	
10	3.468448E-07	0.2344287	0	0.7032927	0	0	0	
11	0.4688647	-0.234436	0	0.2344283	0	0	0	
12	0.9377291	-0.4688721	0	0.7032927	0	0	0	
13	0.4688647	3.201625E-07	0	0.2344283	0	0	0	
14	0.9377291	-1.641022	0	1.641022	0	0	0	
15	-0.9377136	0.234429	0	0.4688645	0	0	0	
16	0.7032929	-0.7032776	0	0.7032928	0	0	0	
17	-0.4688721	-0.4688721	0	0.7032928	0	0	0	
18	-0.234436	-0.7032776	0	0	0	0	0	
19	-0.234436	-3.516479	0	3.282051	0	0	0	
20	-3.282043	-0.7032776	0	0.703293	0	0	0	
21	-0.4688721	-0.9377136	0	1.600796E-07	0	0	0	
22	-0.234436	-0.9377136	0	0.2344286	0	0	0	
23	-8.004111E-08	-0.7032776	0	0.9377291	0	0	0	
24	-0.234436	-0.9377136	0	0.4688647	0	0	0	
25	-0.7033081	-0.7032776	0	1.641022	0	0	0	
26	-0.234436	-0.7032776	0	3.290338E-07	0	0	0	
27	-6.606764E-08	-0.9377136	0	0.2344287	0	0	0	
28	-6.606764E-08	0.2344289	0	3.201644E-07	0	0	0	
29	-6.606764E-08	4.535663E-07	0	3.201644E-07	0	0	0	
30	-6.606764E-08	-0.7032776	0	1.406594	0	0	0	
31	-6.606764E-08	0.4688649	0	0.4688649	0	0	0	
32	0.7032928	0.2344289	0	4.802437E-07	0	0	0	
33	0.9377288	0.2344289	0	0.7032933	0	0	0	
34	0.4688645	0.4688649	0	0.2344289	0	0	0	
35	0.9377288	-1.641022	0	2.344323	0	0	0	
36	-0.9377136	0.4688649	0	0.7032934	0	0	0	
37	0.7032927	-0.4688721	0	0.7032934	0	0	0	
38	-0.234436	-0.7032776	0	0.7032934	0	0	0	
39	-0.234436	-0.4688721	0	0.7032934	0	0	0	
40	-0.4688721	-3.516479	0	4.454209	0	0	0	
41	-3.282043	-0.9377136	0	4.265644E-07	0	0	0	
42	0.2344284	-1.17215	0	4.265644E-07	0	0	0	
43	0	-0.4688721	0	0.2344288	0	0	0	
44	0	-0.9377136	0	4.268859E-07	0	0	0	
45	0	-3.282043	0	1.406594	0	0	0	
46	-2.109894	-0.4688721	0	0.2344289	0	0	0	
47	0.2344284	-0.4688721	0	0.4688649	0	0	0	
48	-0.234436	-0.4688721	0	0.4688649	0	0	0	
49	-0.234436	-0.7032776	0	0.2344289	0	0	0	
50	0.2344284	-2.578735	0	1.875458	0	0	0	
51	-2.109894	-0.4688721	0	0.4688649	0	0	0	
52	-0.234436	-0.4688721	0	0.4688649	0	0	0	
53	-0.234436	-0.7032776	0	0.2344289	0	0	0	
54	0.2344285	-0.9377136	0	0.2344289	0	0	0	
55	6.606809E-08	-0.7032776	0	0.7032932	0	0	0	
56	-0.7033081	-1.641022	0	1.641022	0	0	0	
57	-0.234436	0.234429	0	0.7032933	0	0	0	
58	0.4688645	5.869682E-07	0	4.268788E-07	0	0	0	
59	0.9377288	0.234429	0	0.4688649	0	0	0	
60	0.7032928	0.234429	0	0.4688649	0	0	0	
61	0.7032928	-1.641022	0	2.109886	0	0	0	
62	-1.406586	-0.4688721	0	0.2344287	0	0	0	
63	8.383739E-08	-0.4688721	0	0.4688647	0	0	0	
64	-0.234436	-0.9377136	0	0.2344286	0	0	0	
65	0.2344285	-0.9377136	0	0.2344286	0	0	0	
66	0.2344285	-2.578735	0	3.282052	0	0	0	
67	-2.109894	-0.7032776	0	0.2344288	0	0	0	
68	-8.765532E-08	-0.7032776	0	0.7032931	0	0	0	
69	-0.4688721	-0.4688721	0	0.2344288	0	0	0	
70	-1.067208E-07	-0.7032776	0	0.7032931	0	0	0	
71	-1.067208E-07	-3.047607	0	0.2344288	0	0	0	
72	-2.34433	-0.4688721	0	0.4688648	0	0	0	
73	-0.234436	-0.7032776	0	0.2344287	0	0	0	
74	-1.334019E-07	-0.7032776	0	0.2344287	0	0	0	
75	0.2344283	-0.7032776	0	0.4688648	0	0	0	
76	-0.4688721	-0.7032776	0	0.2344287	0	0	0	
77	-0.4688721	-0.7032776	0	1.875458	0	0	0	
78	-0.4688721	-0.9377136	0	0.2344288	0	0	0	
79	0.2344283	-0.7032776	0	0.2344288	0	0	0	
80	0.2344283	0.2344289	0	0.2344288	0	0	0	
81	-1.067215E-07	5.196343E-07	0	3.862325E-07	0	0	0	
82	-1.067215E-07	-0.7032776	0	1.406594	0	0	0	
83	-0.234436	-0.4688721	0	0.2344289	0	0	0	
84	0.9377288	0.2344289	0	0.4688649	0	0	0	
85	0.7032928	-0.234436	0	-0.234436	0	0	0	
86	0.7032928	0.2344289	0	0.2344289	0	0	0	
87	0.7032928	-1.641022	0	1.406594	0	0	0	
88	-0.7033081	0.234429	0	4.268547E-07	0	0	0	
89	0.7032928	-0.7032776	0	0.2344288	0	0	0	
90	-4.191926E-08	-0.7032776	0	4.268859E-07	0	0	0	
91	0.2344283	-0.7032776	0	0.2344288	0	0	0	
92	-5.336074E-08	-3.047607	0	3.985344	0	0	0	
93	-2.578735	-0.4688721	0	0	0	0	0	


Angle MV instances
Rotate	2.109894	2.109894	3.047607	2.813171	2.813171	3.516472	2.109894	2.109894	2.34433	2.109894	2.578735	
ChildRotate	2.109894	2.813202	2.813202	3.047607	2.578766	2.34433	2.813171	2.109863	2.34433	2.578735	2.34433	2.578735	
RotateInverse	
ChildRotateInverse	3.282051	2.578758	2.109894	3.750916	4.454208	3.047623	3.047623	3.750915	3.985344	
Docking x	
Docking y	
Docking z	
Total MV Amount	88.14645


Angle TRE instances
Rotate	1	
ChildRotate	1	
RotateInverse	1	
ChildRotateInverse	1	
Docking x	1	
Docking y	1	
Docking z	1	
Total TRE Count	0


Correct Angles	Rotate	ChildRotate	RotateInverse	ChildRotateInverse	Docking x	Docking y	Docking z
	-1.588768E-25	-1.611493E-43	0	5.288821E-26	0	0	0

Angle Error	Rotate	ChildRotate	RotateInverse	ChildRotateInverse	Docking x	Docking y	Docking z
	1.588768E-25	0.4688721	0	5.288821E-26	0	0	0

Time Taken	Hours	Minutes	Seconds	Milliseconds	Seconds float	Completion time
	0	0	5	603	5.603045	00h:00m:05s:603ms

Final Results	Tester Name	Time of Test	Dock Shape Style	Virtual Device Visible	Time Taken	Shape Precision %	Orientation Precision %	Overall Precision %	Efficiency %	Difficulty	Total MV	Total TRE	
	0	2018-10-30_15:33:01	ZEROING DATA	True	00h:00m:05s:603ms	99.93488	100	99.96279	100	2.352945E-28	88.14645	0	
