
Angles Over Time
Frames	Rotate	ChildRotate	RotateInverse	ChildRotateInverse	Docking x	Docking y	Docking z	
0	0.93773	1.172158	0	0.2344364	0	0	0	
1	0.4688657	-0.7032776	0	1.406594	0	0	0	
2	-1.17215	1.172158	0	0.4688649	0	0	0	
3	0.4688656	0.2344369	0	4.802437E-07	0	0	0	
4	0.703294	0.2344369	0	4.802437E-07	0	0	0	
5	1.120557E-06	0.2344369	0	-0.234436	0	0	0	
6	1.120557E-06	-1.641022	0	3.750916	0	0	0	
7	-2.813171	7.469754E-07	0	8.533163E-07	0	0	0	
8	1.066896E-06	-0.234436	0	8.533163E-07	0	0	0	
9	1.066896E-06	7.470504E-07	0	8.533163E-07	0	0	0	
10	0.2344295	0.2344368	0	0.2344369	0	0	0	
11	-0.234436	-1.641022	0	2.109895	0	0	0	
12	-2.34433	0.4688652	0	9.412838E-07	0	0	0	
13	1.280393E-06	8.004062E-07	0	9.412838E-07	0	0	0	
14	0.2344297	-0.234436	0	9.412838E-07	0	0	0	
15	0.2344297	0.2344368	0	9.412838E-07	0	0	0	
16	1.280658E-06	-1.875458	0	0.4688654	0	0	0	
17	-2.813171	0.2344367	0	9.604873E-07	0	0	0	
18	1.280275E-06	6.936897E-07	0	-0.234436	0	0	0	
19	1.280275E-06	0.2344367	0	-0.234436	0	0	0	
20	1.280275E-06	0.2344367	0	9.604934E-07	0	0	0	
21	1.280275E-06	-1.875458	0	-0.234436	0	0	0	
22	-2.578735	-0.4688721	0	9.604934E-07	0	0	0	
23	1.280336E-06	0.2344367	0	-0.234436	0	0	0	
24	0.2344297	0.2344367	0	0.4688654	0	0	0	
25	-0.4688721	0.2344367	0	-0.234436	0	0	0	
26	1.227289E-06	-1.641022	0	2.109895	0	0	0	
27	-2.34433	5.335538E-07	0	-0.234436	0	0	0	
28	0.2344295	0.4688649	0	0.2344371	0	0	0	
29	1.067215E-06	5.336041E-07	0	1.067215E-06	0	0	0	
30	0.2344295	0.4688649	0	1.067215E-06	0	0	0	
31	0.2344295	-1.875458	0	2.813188	0	0	0	
32	-2.34433	0.468865	0	0.4688655	0	0	0	
33	-0.4688721	0.468865	0	-0.234436	0	0	0	
34	-0.234436	5.869645E-07	0	-0.234436	0	0	0	
35	1.147256E-06	5.869645E-07	0	0.4688655	0	0	0	
36	-0.4688721	0.2344366	0	1.067208E-06	0	0	0	
37	-0.234436	0.2344366	0	1.406594	0	0	0	
38	-0.4688721	0.2344366	0	-0.234436	0	0	0	
39	1.120569E-06	-0.234436	0	1.227297E-06	0	0	0	
40	1.120569E-06	1.172158	0	-0.234436	0	0	0	
41	1.120569E-06	0.7032936	0	-0.234436	0	0	0	
42	1.120569E-06	-0.234436	0	1.406594	0	0	0	
43	-0.234436	1.172158	0	9.832993E-07	0	0	0	
44	0.93773	1.172158	0	0.234437	0	0	0	
45	0.4688657	0.9377296	0	9.871737E-07	0	0	0	
46	1.172159	0.4688653	0	0.4688654	0	0	0	
47	0.7032942	-0.234436	0	1.406594	0	0	0	
48	-0.234436	0.9377296	0	-0.4688416	0	0	0	
49	0.9377303	0.4688653	0	6.403249E-07	0	0	0	
50	0.2344298	0.4688653	0	0.2344367	0	0	0	
51	-0.234436	0.4688653	0	6.403289E-07	0	0	0	
52	1.454713E-06	-2.578735	0	4.21978	0	0	0	
53	-3.282043	0.2344368	0	-0.234436	0	0	0	
54	0.2344299	8.004111E-07	0	2.668037E-07	0	0	0	
55	1.494101E-06	-0.234436	0	2.668037E-07	0	0	0	
56	1.494101E-06	-0.234436	0	2.668037E-07	0	0	0	
57	0.2344299	-2.34433	0	1.406594	0	0	0	
58	-1.641022	0.2344367	0	0.4688648	0	0	0	
59	-0.4688721	0.4688652	0	3.735229E-07	0	0	0	
60	0.2344297	0.2344368	0	-0.234436	0	0	0	
61	0.2344297	7.2037E-07	0	-0.234436	0	0	0	
62	1.334019E-06	-1.875458	0	1.64103	0	0	0	
63	-1.875458	0.2344367	0	4.268431E-07	0	0	0	
64	1.280489E-06	0.4688652	0	-0.234436	0	0	0	
65	0.2344297	0.2344368	0	0.4688649	0	0	0	
66	-0.4688721	0.2344368	0	-0.234436	0	0	0	
67	-0.234436	-1.641022	0	2.109894	0	0	0	
68	-2.34433	0.2344368	0	1.172166	0	0	0	
69	0.2344295	0.4688652	0	0.7033011	0	0	0	
70	-0.4688721	8.004062E-07	0	-0.234436	0	0	0	
71	1.013848E-06	1.172158	0	6.543019E-07	0	0	0	
72	1.013848E-06	0.4688652	0	6.543019E-07	0	0	0	
73	0.2344294	0.2344368	0	1.406594	0	0	0	
74	-0.4688721	1.172158	0	6.40282E-07	0	0	0	
75	0.9377299	0.4688653	0	-0.234436	0	0	0	
76	0.9377299	0.4688653	0	0.2344366	0	0	0	
77	0.9377299	0.9377296	0	-0.234436	0	0	0	
78	0.703294	-0.4688721	0	1.172166	0	0	0	
79	-0.9377136	1.172158	0	0.2344369	0	0	0	
80	0.4688659	0.2344366	0	0.4688653	0	0	0	
81	-0.4688721	0.2344366	0	0.7033013	0	0	0	
82	-0.4688721	0.4688651	0	-0.234436	0	0	0	
83	1.33401E-06	-2.578735	0	2.813187	0	0	0	
84	-2.813171	0.4688652	0	0.234437	0	0	0	
85	1.280275E-06	0.4688652	0	0.234437	0	0	0	
86	1.280275E-06	0.2344368	0	0.4688654	0	0	0	
87	1.280275E-06	-0.234436	0	-0.234436	0	0	0	
88	1.280275E-06	0.4688653	0	0.234437	0	0	0	


Angle MV instances
Rotate	
ChildRotate	
RotateInverse	
ChildRotateInverse	4.219779	
Docking x	
Docking y	
Docking z	
Total MV Amount	4.219779


Angle TRE instances
Rotate	1	
ChildRotate	1	
RotateInverse	1	
ChildRotateInverse	1	
Docking x	1	
Docking y	1	
Docking z	1	
Total TRE Count	0


Correct Angles	Rotate	ChildRotate	RotateInverse	ChildRotateInverse	Docking x	Docking y	Docking z
	-1.611493E-43	-1.611493E-43	0	1.611493E-43	0	0	0

Angle Error	Rotate	ChildRotate	RotateInverse	ChildRotateInverse	Docking x	Docking y	Docking z
	0.7033081	0.4688653	0	0.4688654	0	0	0

Time Taken	Hours	Minutes	Seconds	Milliseconds	Seconds float	Completion time
	0	0	5	315	5.314755	00h:00m:05s:315ms

Final Results	Tester Name	Time of Test	Dock Shape Style	Virtual Device Visible	Time Taken	Shape Precision %	Orientation Precision %	Overall Precision %	Efficiency %	Difficulty	Total MV	Total TRE	
	0	2018-10-30_15:31:40	ZEROING DATA	True	00h:00m:05s:315ms	99.77208	100	99.86976	100	0	4.219779	0	
