
Angles Over Time
Frames	Rotate	ChildRotate	RotateInverse	ChildRotateInverse	Docking x	Docking y	Docking z	
0	-0.8400574	-5.082576E-08	0	0.09767145	-1.497955	-1.612854	-0.447052	
1	-0.3711853	-1.17218	0	1.504265	-1.692139	-1.631287	-0.4796448	
2	-1.543365	0.2344284	0	-0.1367493	-2.481537	-2.06778	-0.919342	
3	-0.1367493	-0.234436	0	-0.1367493	-0.9418945	-3.001038	1.268874	
4	-0.3711853	-0.234436	0	6.192902	0.4100384	-2.766663	-1.939178	
5	-0.6056213	4.065383E-08	0	7.833924	-1.342682	-1.90274	-4.378571	
6	-1.543365	-0.7033081	0	7.599496	2.990148	-3.345703	-0.2422485	
7	-7.169708	5.335985E-08	0	8.068362	6.595082	-0.7415161	4.100906	
8	-19.82904	-26.02197	0	20.25882	17.07201	0.1760052	8.461078	
9	-20.29791	-45.24536	0	20.25882	24.19186	0.8384055	15.80496	
10	-20.06348	-45.71423	0	20.02439	26.36917	-0.3598633	23.94666	
11	-39.52133	-45.71423	0	20.02439	26.75439	-0.9865417	27.23487	
12	-40.69348	-45.94867	0	20.25882	29.52013	0.02626324	31.87004	
13	-47.492	-46.41754	0	37.13792	33.38466	2.169249	38.0973	
14	-59.44806	-60.95233	0	37.13792	33.96648	5.722934	53.66347	
15	-66.71545	-82.75452	0	37.60679	36.43161	5.759588	57.21054	
16	-66.24658	-93.53839	0	42.52986	39.36734	9.619029	62.2068	
17	-66.71545	-92.83508	0	67.84852	41.7512	14.31237	62.31123	
18	-66.48102	-93.53839	0	76.28808	42.11437	16.56107	62.21313	
19	-66.48102	-93.06952	0	81.91444	42.93893	18.13502	59.86223	
20	-66.48102	-97.52371	0	83.78989	42.64553	20.58003	59.58019	
21	-68.59091	-103.619	0	87.07195	42.59754	24.7894	61.96346	
22	-69.76306	-108.542	0	87.30637	45.58655	23.01321	57.52098	
23	-70.93524	-108.3076	0	87.07195	47.70527	21.09429	53.60773	
24	-71.40411	-108.542	0	92.69832	48.37504	20.75568	48.3031	
25	-71.40411	-108.3076	0	95.98037	50.21	18.49796	38.35271	
26	-71.40411	-110.4175	0	97.62139	51.91317	14.6936	29.14322	
27	-71.40411	-112.0585	0	98.32468	52.67943	9.964124	15.55591	
28	-71.40411	-112.9962	0	98.79354	53.18196	7.684235	2.610635	
29	-71.63855	-112.7618	0	101.1379	53.3639	5.806425	-6.7771	
30	-71.40411	-112.9962	0	101.3723	52.87145	4.003305	-15.0351	
31	-71.63855	-112.7618	0	101.8412	53.50927	3.936005	-15.44632	
32	-71.40411	-112.7618	0	101.3723	53.62417	4.785259	-15.65131	
33	-71.40411	-112.7618	0	101.6067	53.73716	8.542312	-15.07718	
34	-71.40411	-112.7618	0	101.3723	53.94207	15.34811	-13.4202	
35	-71.40411	-112.7618	0	100.4346	51.88404	22.98687	-12.27264	
36	-71.40411	-112.7618	0	101.6067	50.12829	27.66944	-12.90372	
37	-71.40411	-112.7618	0	101.6067	48.549	31.60819	-13.57996	
38	-71.40411	-112.7618	0	101.6067	46.91798	33.02102	-14.39154	
39	-71.40411	-112.7618	0	101.6067	46.65236	34.14094	-13.83521	
40	-71.40411	-112.9962	0	101.6067	46.26691	33.03399	-14.92267	
41	-71.40411	-112.7618	0	101.6067	46.11024	32.08318	-17.11087	
42	-71.40411	-112.7618	0	100.9034	45.892	33.56612	-17.22089	
43	-71.16968	-112.9962	0	101.3723	44.80429	36.22903	-16.43457	
44	-71.63855	-112.2929	0	100.9034	44.73252	37.70154	-15.49393	
45	-71.16968	-112.5274	0	95.04264	44.16727	38.22161	-15.93616	
46	-71.40411	-112.2929	0	100.2002	43.66182	39.21056	-17.93951	
47	-71.16968	-112.5273	0	98.09026	42.45749	38.81262	-21.56543	
48	-71.40411	-112.2929	0	101.1379	41.82115	37.99599	-23.24255	
49	-71.16968	-112.7618	0	101.3723	41.96061	37.73857	-23.41736	
50	-71.40411	-112.2929	0	101.3723	42.38652	37.42643	-23.42136	
51	-71.16968	-112.5273	0	100.9034	42.53627	37.25819	-23.21368	
52	-71.40411	-112.2929	0	100.2002	42.91119	37.05707	-22.84537	
53	-71.16968	-112.7618	0	101.6067	43.22638	37.16573	-22.45267	
54	-71.40411	-112.2929	0	101.6067	43.23862	37.21971	-22.12418	
55	-71.40411	-112.7618	0	101.6067	43.22136	37.72109	-21.79388	
56	-71.40411	-112.0585	0	100.9035	42.89598	37.77572	-21.48941	
57	-71.40411	-112.7618	0	79.10127	42.89992	38.0364	-20.91766	
58	-71.40411	-112.2929	0	101.1379	42.67902	37.92361	-20.95947	
59	-71.16968	-112.5273	0	99.49686	42.81265	38.03533	-20.73792	
60	-71.40411	-112.5273	0	100.669	42.71247	37.8252	-20.8053	
61	-71.40411	-112.7618	0	87.77527	42.90208	37.74164	-20.72668	


Angle MV instances
Rotate	5.626343	12.65933	19.45786	6.798523	11.95605	7.267395	2.109894	
ChildRotate	26.02197	19.22339	14.53479	21.80219	10.78387	4.454193	6.095245	4.923065	2.109894	
RotateInverse	
ChildRotateInverse	6.329651	12.19046	16.8791	4.923069	25.31866	8.43956	5.626358	3.282051	5.626373	3.282051	2.344322	5.860802	5.157516	2.109894	3.047615	21.80218	22.03661	12.89376	
Docking x	3.604934	10.47692	7.119852	2.177315	2.765741	3.864531	2.465122	2.93573	2.383862	2.989006	2.118721	2.058029	
Docking y	2.604187	2.142985	3.553686	3.859441	4.693344	2.248694	2.445013	4.209368	2.257721	3.804358	4.729475	2.279889	3.757052	6.805803	7.638755	4.682566	3.938755	2.66291	
Docking z	2.439392	4.136322	4.343155	4.360171	7.343882	8.141698	3.288218	4.635168	6.227259	15.56617	3.547077	4.996258	2.350895	2.38327	4.442486	3.91325	5.304626	9.950386	9.209496	13.5873	12.94528	9.387734	8.257996	2.188202	2.003357	3.625916	
Total MV Amount	614.8228


Angle TRE instances
Rotate	
ChildRotate	17	20	
RotateInverse	1	
ChildRotateInverse	22	25	61	
Docking x	18	25	37	
Docking y	
Docking z	27	28	
Total TRE Count	10


Correct Angles	Rotate	ChildRotate	RotateInverse	ChildRotateInverse	Docking x	Docking y	Docking z
	-90	-90	0	90	45	45	15

Angle Error	Rotate	ChildRotate	RotateInverse	ChildRotateInverse	Docking x	Docking y	Docking z
	18.36145	22.76176	0	1.052574	1.800892	7.107643	35.1691

Time Taken	Hours	Minutes	Seconds	Milliseconds	Seconds float	Completion time
	0	0	4	674	4.674032	00h:00m:04s:674ms

Final Results	Tester Name	Time of Test	Dock Shape Style	Virtual Device Visible	Time Taken	Shape Precision %	Orientation Precision %	Overall Precision %	Efficiency %	Difficulty	Total MV	Total TRE	
		2018-08-02_13:22:47	Ltd Random	False	00h:00m:04s:674ms	94.14225	92.17097	93.15449	94.00671	0.3787879	614.8228	10	
