
Angles Over Time
Frames	Rotate	ChildRotate	RotateInverse	ChildRotateInverse	Docking x	Docking y	Docking z	
0	0.3320816	0.7033309	0	-0.1367493	0.3083415	-1.029968	-1.040833	
1	0.56651	0.7033309	0	-0.1367493	0.5738843	-1.063965	-0.8190002	
2	0.56651	0.937767	0	-0.3711548	1.058195	-1.155762	-0.4575195	
3	0.8009461	0.4689025	0	0.09769829	1.470458	-1.390289	0.2035379	
4	0.3320817	0.937767	0	0.09769829	1.966318	-1.514893	0.3443223	
5	0.56651	0.4689025	0	-0.1367493	2.24501	-1.426758	-0.4653625	
6	0.56651	0.4689025	0	-0.3711548	3.9587	-0.7046509	-2.661011	
7	0.8009461	0.2344665	0	0.3321267	2.968241	3.321371	-10.94247	
8	-0.1367798	0.4689025	0	-0.3711548	6.821285	9.089246	-16.4017	
9	0.5665101	3.809933E-05	0	0.3321266	11.2452	13.31041	-23.95135	
10	0.09764572	0.937767	0	-0.3711548	17.36715	16.56746	-27.85004	
11	0.8009462	-0.4688416	0	1.269855	21.6863	21.47928	-30.92471	
12	-0.3712158	0.937767	0	-0.1367493	27.74823	26.18038	-32.34421	
13	0.8009463	0.937767	0	-0.1367493	33.29281	31.23989	-32.53775	
14	1.035375	0.4689025	0	1.973148	35.18533	35.82106	-36.91708	
15	0.5665104	0.937767	0	3.379742	38.88952	46.76863	-39.67099	
16	0.8009465	0.4689025	0	3.145314	40.81179	56.6722	-34.46545	
17	0.8009466	0.4689025	0	3.145314	44.0142	59.66304	-33.80911	
18	0.5665105	0.7033309	0	3.614177	40.42719	59.85918	-37.6528	
19	0.5665105	0.7033309	0	0.09769811	37.09694	59.80371	-31.85278	
20	0.5665105	0.4689025	0	-0.1367493	33.96631	67.33188	-24.59708	
21	0.3320821	0.937767	0	-0.1367493	37.55523	71.23937	-27.68613	
22	1.035375	0.2344664	0	0.5665627	44.37835	77.8074	-28.20313	
23	0.3320821	0.7033308	0	23.30646	47.94023	81.09059	-37.5665	
24	0.8009465	0.2344664	0	49.56285	46.68794	85.5023	-46.99948	
25	0.5665105	0.7033308	0	61.28444	46.89879	86.88792	-55.95016	
26	1.035375	0.2344664	0	72.53719	47.73545	77.35662	-62.93445	
27	0.5665105	0.937767	0	82.1489	49.0612	75.97581	-67.08206	
28	1.035375	0.7033308	0	97.15254	49.78365	76.82298	-70.59009	
29	0.5665106	0.937767	0	112.1562	51.84888	78.93348	-74.30029	
30	1.035375	0.7033308	0	138.647	54.24875	78.17493	-76.51715	
31	0.5665105	0.2344664	0	142.8668	56.26292	76.27361	-75.18356	
32	0.5665105	0.4689025	0	143.1012	55.20271	85.24529	-65.0303	
33	0.3320821	0.4689025	0	144.2734	58.78548	85.66454	-62.97974	
34	-3.184387	0.7033309	0	144.2734	59.7313	88.00433	-55.10745	
35	-22.87668	0.4689025	0	144.2734	60.56478	86.02866	-47.29236	
36	-41.16238	0.4689025	0	144.0389	59.31399	90.78712	-40.98416	
37	-41.63126	0.2344664	0	144.2734	59.95143	91.38152	-39.45197	
38	-41.39682	0.4689025	0	144.0389	62.29696	90.87315	-38.73199	
39	-44.20999	0.4689025	0	144.2734	61.59056	92.66232	-36.27475	
40	-43.97559	-71.03287	0	144.0389	59.41845	97.30624	-31.17398	
41	-0.6056519	-92.83502	0	144.0389	61.27382	99.81929	-26.91708	
42	1.035372	-93.30389	0	144.2734	59.04532	102.9746	-22.98697	
43	1.269808	-104.3222	0	143.3356	60.17791	103.681	-21.04053	
44	-0.1367798	-125.89	0	144.0389	65.52662	104.0212	-18.70016	
45	1.035372	-143.0035	0	143.3356	59.6128	99.72672	-14.57141	
46	0.332079	-149.3331	0	144.0389	55.71255	100.1083	-13.81076	
47	1.035372	-151.9119	0	143.5701	57.0167	98.74615	-19.01712	
48	0.332079	-153.3185	0	144.0389	56.45139	97.4711	-23.04333	
49	0.8009434	-153.5529	0	143.8045	58.42741	100.21	-23.11578	
50	0.332079	-154.4906	0	144.7422	61.96889	103.4397	-23.7337	
51	0.8009434	-154.0218	0	144.5078	64.68948	105.7262	-25.19055	
52	0.332079	-155.6628	0	146.1488	68.10583	106.315	-28.06967	
53	1.269808	-155.4284	0	146.8521	68.96746	101.0994	-34.1958	
54	0.8009436	-156.3661	0	148.0243	69.6557	96.02309	-39.23053	
55	1.035372	-155.6628	0	148.2587	69.84315	90.83183	-44.64359	
56	0.8009436	-156.3661	0	148.2587	70.91026	91.12303	-44.56274	
57	0.8009436	-155.4284	0	148.7276	71.28179	95.77089	-39.32709	
58	0.8009436	-155.6628	0	148.962	70.31822	96.29272	-38.03522	
59	0.8009436	-156.1317	0	148.7276	69.89867	94.50406	-38.74582	
60	0.5665076	-155.4284	0	148.962	70.06102	93.66223	-39.49033	
61	1.035372	-155.8972	0	148.4931	69.72702	92.71172	-39.61511	
62	0.3320791	-155.6628	0	148.962	69.64729	91.58934	-40.26074	
63	0.8009435	-155.8972	0	148.7276	69.58065	91.58351	-39.72171	
64	0.8009435	-155.8972	0	148.7276	70.07594	90.80977	-40.31644	


Angle MV instances
Rotate	3.516469	19.69229	18.28571	2.813171	43.36993	
ChildRotate	71.50177	21.80215	11.01831	21.56775	17.11353	6.329666	2.578751	
RotateInverse	
ChildRotateInverse	3.516479	22.7399	26.25639	11.72159	11.25275	9.61171	15.00365	15.00365	26.49081	4.219772	
Docking x	3.853044	4.423911	6.12195	4.319157	6.061932	5.544575	3.704197	3.202415	3.587017	3.330246	3.130627	3.588921	6.82312	3.561874	2.065239	2.399868	2.014164	3.582771	2.345524	2.172108	2.2285	5.348705	5.913818	3.900253	3.541481	2.720581	3.416359	
Docking y	4.026022	5.767875	4.221168	3.257044	4.911825	4.701097	5.059509	4.581167	10.94757	9.903568	2.990845	7.528168	3.907494	6.568024	3.283195	4.411705	9.531296	2.110497	8.971672	2.339783	4.758453	4.643929	2.513046	3.155319	4.294441	2.738884	3.229691	2.286575	5.215645	5.076302	5.191254	4.647858	
Docking z	2.195648	8.281464	5.459229	7.549652	3.898682	3.074677	4.379333	2.753906	5.205536	3.843689	5.800018	7.255707	3.08905	9.363373	9.432983	8.950684	6.984283	4.147614	3.508026	3.710205	2.216858	10.15326	2.050568	7.872284	7.815094	6.308197	2.457245	5.100769	4.256897	3.930115	2.340363	4.128754	5.20636	4.026215	2.87912	6.126129	5.034729	5.413055	5.235657	
Total MV Amount	846.515


Angle TRE instances
Rotate	1	35	41	
ChildRotate	47	52	
RotateInverse	1	
ChildRotateInverse	53	
Docking x	34	46	47	48	49	52	
Docking y	
Docking z	1	6	
Total TRE Count	12


Correct Angles	Rotate	ChildRotate	RotateInverse	ChildRotateInverse	Docking x	Docking y	Docking z
	0	-150	0	150	61.64279	131.9831	2.777533

Angle Error	Rotate	ChildRotate	RotateInverse	ChildRotateInverse	Docking x	Docking y	Docking z
	1.035372	5.897232	0	1.506866	8.546051	41.29044	43.09272

Time Taken	Hours	Minutes	Seconds	Milliseconds	Seconds float	Completion time
	0	0	4	870	4.870112	00h:00m:04s:870ms

Final Results	Tester Name	Time of Test	Dock Shape Style	Virtual Device Visible	Time Taken	Shape Precision %	Orientation Precision %	Overall Precision %	Efficiency %	Difficulty	Total MV	Total TRE	
		2018-08-02_13:22:55	Presets	True	00h:00m:04s:870ms	98.82785	84.37349	91.95486	90.30495	0.5014176	846.515	12	
