
Angles Over Time
Frames	Rotate	ChildRotate	RotateInverse	ChildRotateInverse	Docking x	Docking y	Docking z	
0	-0.4117126	0.4688568	0	-0.1772766	-0.08462524	-0.07147217	0.6994108	
1	0.2915922	0.2344284	0	-0.1772766	-0.1181335	-0.05303955	0.7909543	
2	0.05715615	0.2344284	0	2.401471	-0.103241	-0.1477356	0.88164	
3	0.05715615	0.4688568	0	11.30989	-0.1715088	-0.130188	0.943427	
4	0.05715615	0.2344284	0	20.92161	-0.2783203	-0.0960083	1.032132	
5	0.2915922	-2.668037E-08	0	31.23661	-0.3318481	-0.02325439	1.391912	
6	-0.4117126	0.2344284	0	31.23661	0.06040364	0.1377741	2.601876	
7	0.2915922	0.2344284	0	27.95456	1.541191	1.385419	9.263787	
8	-0.1772766	0.2344284	0	7.793407	2.675309	2.832756	19.20499	
9	-3.928192	-13.83148	0	0.7604481	3.796738	4.116194	20.43031	
10	0.7604574	-8.908417	0	-0.1772766	10.30434	5.246534	17.60782	
11	1.46375	3.516479	0	-0.1772766	16.51984	4.530138	14.78597	
12	1.698186	3.047615	0	-0.4117126	20.11152	2.381523	7.634723	
13	1.46375	3.516479	0	-0.4117126	24.29445	2.83004	1.898653	
14	1.698186	3.282043	0	-0.4117126	28.06503	3.993481	0.4045895	
15	1.46375	2.57875	0	-0.4117126	33.76046	3.794089	4.153715	
16	1.46375	-3.750916	0	-0.1772766	40.07777	1.746038	5.803349	
17	1.46375	-4.454224	0	28.89229	44.45727	-1.651245	5.149201	
18	1.46375	-6.329651	0	29.59558	52.06834	3.069322	6.351719	
19	1.46375	-9.611725	0	39.91059	54.94444	7.482653	9.441101	
20	1.229321	-23.44321	0	39.91059	54.96298	9.330674	15.16928	
21	-6.506927	-23.20877	0	39.67616	52.46697	12.58935	20.84511	
22	-20.80728	-20.63004	0	38.97287	50.84668	9.529305	17.39366	
23	-20.57285	-9.84613	0	39.20729	50.96809	7.112263	15.35193	
24	-25.96478	-6.564087	0	38.97286	50.49295	3.552466	11.07905	
25	-27.84024	-6.329651	0	38.03513	50.56783	2.370981	11.57484	
26	-31.12231	-5.860809	0	25.84467	48.89747	2.882919	19.44432	
27	-46.36038	-4.219788	0	25.84467	50.30442	4.38391	26.24158	
28	-48.70471	-3.985352	0	13.88864	47.38983	4.285402	26.60572	
29	-49.64243	-4.454193	0	6.15238	40.321	2.316013	27.59216	
30	-49.17355	-4.219788	0	3.104766	37.67577	0.9266388	23.21216	
31	-49.40799	-4.68866	0	0.2915789	35.47029	1.394323	22.8624	
32	-49.17355	-4.454193	0	-0.1772766	35.59415	1.835241	24.43643	
33	-49.64243	-4.923065	0	1.229308	38.34871	2.690406	26.20244	
34	-48.70471	-4.68866	0	-0.1772766	40.7616	3.000618	26.93608	
35	-49.64243	-4.923065	0	8.262267	44.09085	3.844541	25.92937	
36	-48.70471	-4.454193	0	13.65421	46.09586	4.701892	25.27499	
37	-49.64243	-4.68866	0	19.74943	48.42548	5.820389	24.02385	
38	-49.17355	-4.454193	0	23.50035	50.3112	6.600765	24.12118	
39	-49.87686	-4.68866	0	24.67251	51.93999	7.175206	25.67681	
40	-48.93912	-4.454193	0	24.20364	52.67327	7.744152	27.44514	
41	-49.40799	-4.68866	0	24.43808	52.43076	7.737185	29.76211	
42	-49.17355	-4.923065	0	22.79705	52.5789	7.675989	31.01694	
43	-49.40799	-15.70694	0	20.68716	51.34702	7.090344	29.56372	
44	-49.17355	-21.09888	0	20.9216	50.85807	7.147602	26.99875	
45	-48.47028	-24.61536	0	23.26592	50.32578	7.923807	24.02486	
46	-41.90616	-24.38092	0	23.96922	51.24212	11.96439	27.86094	
47	-41.20288	-24.38092	0	16.93626	50.85584	12.99838	33.0172	
48	-40.49957	-24.38092	0	13.41978	48.74559	10.29567	31.87347	
49	-40.26514	-24.38092	0	13.88864	49.19094	11.47697	31.76386	
50	-39.79626	-24.38092	0	13.41978	48.91105	12.10667	31.24566	
51	-40.26514	-24.38092	0	14.3575	50.58416	12.30127	28.71428	
52	-40.0307	-24.38092	0	15.52966	49.18135	9.799116	25.00733	
53	-40.26514	-24.38092	0	16.93626	49.02385	7.558657	23.84593	
54	-39.7963	-24.38092	0	15.99853	48.91157	6.781428	23.97989	
55	-40.26514	-24.14648	0	14.59193	48.75859	6.568106	26.42873	
56	-40.0307	-24.38092	0	12.95091	49.58005	6.669387	27.24611	
57	-40.0307	-24.38092	0	12.95091	49.04317	6.399681	25.73476	
58	-40.0307	-24.38092	0	12.95091	48.89922	5.68006	23.36521	
59	-40.26514	-24.38092	0	13.65421	48.95189	5.010388	21.0614	
60	-39.7963	-24.38092	0	13.18534	48.8224	4.914863	20.68887	
61	-40.0307	-24.38092	0	13.41978	48.95964	4.687601	20.34951	
62	-40.0307	-24.38092	0	13.18534	48.68574	4.560831	20.24605	
63	-40.26514	-24.38092	0	13.41978	48.90286	4.712572	20.68781	
64	-40.0307	-24.38092	0	13.18534	48.97441	4.675004	20.81533	
65	-40.0307	-24.14648	0	13.41978	49.22657	4.580425	21.08408	
66	-40.0307	-24.61536	0	13.18534	49.61922	4.538322	21.30163	
67	-40.26514	-24.38092	0	13.6542	49.65145	4.464109	21.4377	
68	-39.7963	-24.38092	0	13.18534	49.93936	4.571434	21.62352	
69	-40.26514	-24.14651	0	13.41978	50.23238	4.774116	21.88843	
70	-39.7963	-24.38092	0	13.18534	50.45776	5.084229	22.15235	
71	-40.0307	-24.14651	0	13.41978	50.87783	6.02525	23.70581	
72	-40.0307	-24.38095	0	13.18534	51.11855	7.00104	24.47317	
73	-40.0307	-24.14651	0	13.41977	51.73386	8.841432	25.5949	
74	-40.0307	-24.38095	0	14.59193	51.45751	10.65816	24.51559	
75	-40.26514	-24.38095	0	18.8117	48.93835	12.33406	20.01748	
76	-39.7963	-24.14651	0	18.34285	46.65266	13.35198	19.36365	
77	-40.26514	-24.14651	0	18.57727	44.69937	14.91016	19.78179	
78	-40.03073	-24.38095	0	18.34285	43.70926	15.33958	20.66831	
79	-40.26517	-24.38095	0	18.57727	42.3345	14.91295	19.84534	
80	-40.03073	-24.38095	0	18.57727	40.31963	13.48916	18.50908	
81	-40.26517	-24.14651	0	18.57727	37.20758	11.99097	18.3453	
82	-40.26517	-24.38095	0	18.10841	34.89179	11.50496	18.93403	
83	-40.26517	-24.14651	0	18.34285	33.85037	11.85965	19.20091	
84	-40.03073	-24.38095	0	17.87398	33.41301	12.2069	19.49415	
85	-40.26517	-24.38095	0	18.34285	33.59614	12.37173	19.43728	
86	-40.03073	-24.38095	0	17.87398	34.0561	12.4219	19.51037	
87	-40.26517	-24.14651	0	18.34284	34.56634	12.48278	19.43717	
88	-40.03073	-24.38095	0	18.10841	35.04746	12.8904	20.11752	
89	-40.03073	-24.14651	0	18.34284	35.13744	12.93971	20.11628	
90	-40.03073	-24.14651	0	17.87398	35.34665	13.00161	20.16496	
91	-40.26517	-24.14651	0	18.34284	35.53909	12.96662	20.01621	


Angle MV instances
Rotate	3.750916	4.68865	7.736249	14.30035	5.391937	3.282074	15.23807	2.34433	6.564117	
ChildRotate	14.06591	4.923065	12.4249	3.282074	13.83148	2.578735	10.78391	3.282043	10.78387	5.391937	3.516479	
RotateInverse	
ChildRotateInverse	2.578748	8.908418	9.611717	10.315	3.282047	20.16116	7.032959	29.06956	10.31501	12.19046	11.95603	7.736259	3.047615	2.813187	8.439544	5.391938	6.095228	3.750917	2.109884	2.344316	7.032959	3.51648	4.219771	
Docking x	6.507598	6.215508	3.591681	4.182928	3.770576	5.695435	6.317303	4.379505	7.611073	2.876095	2.496014	2.914593	7.068832	2.645226	2.205482	2.754559	2.412891	3.329247	2.005013	2.329613	2.110252	2.519161	2.285686	2.01487	3.112045	2.315792	
Docking y	2.148615	2.048051	4.413332	3.258676	3.060044	2.417043	3.559797	4.040585	2.702709	2.502152	2.240459	
Docking z	6.661911	9.941199	2.822495	2.821851	7.151245	5.736071	3.749125	3.089382	5.728174	5.675831	3.45145	2.041721	4.272887	7.869478	6.797266	4.380009	2.316973	2.564964	2.973894	3.836077	5.156261	2.531382	3.706944	2.448841	2.369553	2.303812	4.498114	
Total MV Amount	575.0356


Angle TRE instances
Rotate	25	27	
ChildRotate	
RotateInverse	1	
ChildRotateInverse	6	8	17	19	26	28	
Docking x	17	18	26	27	28	30	34	38	48	51	52	69	75	81	
Docking y	46	52	74	
Docking z	10	12	20	21	22	27	76	78	79	88	
Total TRE Count	35


Correct Angles	Rotate	ChildRotate	RotateInverse	ChildRotateInverse	Docking x	Docking y	Docking z
	-30	-30	0	30	45	15	15

Angle Error	Rotate	ChildRotate	RotateInverse	ChildRotateInverse	Docking x	Docking y	Docking z
	10.03073	5.619049	0	11.8916	9.338398	2.287625	4.863362

Time Taken	Hours	Minutes	Seconds	Milliseconds	Seconds float	Completion time
	0	0	6	907	6.907414	00h:00m:06s:907ms

Final Results	Tester Name	Time of Test	Dock Shape Style	Virtual Device Visible	Time Taken	Shape Precision %	Orientation Precision %	Overall Precision %	Efficiency %	Difficulty	Total MV	Total TRE	
		2018-08-02_13:22:02	Ltd Random	False	00h:00m:06s:907ms	96.17481	98.67574	96.50549	95.05704	0.1666667	575.0356	35	
