
Angles Over Time
Frames	Rotate	ChildRotate	RotateInverse	ChildRotateInverse	Docking x	Docking y	Docking z	
0	1.361972	0.2344221	0	2.299678	-4.615051	4.495836	-4.416626	
1	-0.2790527	1.406587	0	0.6586562	-3.962708	4.489971	-4.328217	
2	0.8931074	1.641015	0	0.1897918	-3.280792	4.37852	-4.217804	
3	1.596408	1.406587	0	0.6586562	-3.002106	4.081774	-3.901001	
4	0.8931074	1.406587	0	0.4242202	-1.867859	3.921833	-2.147491	
5	1.127543	1.406587	0	0.6586562	-0.7565002	3.482529	-1.665283	
6	1.127543	1.172151	0	0.4242202	-1.798462	2.536141	-1.943359	
7	1.127543	1.406587	0	0.6586562	-1.212402	3.470221	-0.668457	
8	0.6586791	0.9377226	0	0.6586562	-1.90567	4.28802	1.1432	
9	0.8931075	1.406587	0	0.4242202	-6.362335	7.09475	2.682838	
10	0.8931075	1.406587	0	0.6586562	-10.04614	15.11304	1.887677	
11	1.361971	0.7032865	0	1.127521	-6.664398	24.13402	-0.1585693	
12	0.6586788	1.406587	0	0.1897918	-4.682922	29.39352	0.3963192	
13	0.8931072	0.7032865	0	48.48278	-3.969849	30.58568	-2.683289	
14	0.4242428	1.406587	0	21.75753	-8.872803	31.01803	0.4263925	
15	-9.187469	-6.40282E-06	0	22.92969	-8.736328	32.33403	10.02533	
16	-28.64532	1.641015	0	21.75754	-11.92288	35.52143	11.57265	
17	-41.30466	-6.402646E-06	0	23.39856	-13.82059	35.72435	16.5912	
18	-55.60501	-14.30035	0	21.99197	-17.83472	38.36504	17.75434	
19	-61.46579	-33.28937	0	23.39856	-20.28363	42.22741	16.96899	
20	-61.46579	-41.0256	0	32.07254	-23.5094	41.23261	18.40453	
21	-65.45114	-41.49448	0	40.27766	-28.64725	37.8125	24.35906	
22	-65.68558	-41.26004	0	46.84177	-30.93127	32.72098	29.37349	
23	-65.68558	-41.49448	0	50.82711	-33.0155	30.89091	34.84185	
24	-79.28265	-41.26004	0	75.20803	-38.34952	27.11592	45.68074	
25	-100.616	-41.49448	0	94.66589	-45.15326	26.24636	54.1302	
26	-109.7588	-41.26004	0	95.13475	-47.2702	27.67656	53.14125	
27	-110.2277	-41.26004	0	98.88567	-51.47119	22.90586	60.23698	
28	-109.7588	-41.26004	0	111.7794	-53.48129	23.33481	57.35136	
29	-110.2277	-46.18311	0	122.0944	-56.35501	24.52154	52.6837	
30	-109.7588	-77.83145	0	129.3618	-58.54871	23.55753	55.81357	
31	-109.9932	-79.70691	0	129.3618	-59.22168	27.72399	50.87975	
32	-109.7588	-88.6153	0	130.2996	-64.94812	41.65659	35.88685	
33	-109.9932	-96.35156	0	131.7062	-76.92746	76.40199	6.039505	
34	-109.7588	-100.5714	0	133.3472	-84.22961	-145.944	-131.5387	
35	-109.9932	-102.4468	0	133.3472	-78.54214	-105.1736	-171.1073	
36	-109.5244	-103.8534	0	134.2849	-80.83948	-89.2713	173.2076	
37	-110.4621	-103.619	0	134.0505	-85.25073	-75.24567	158.3253	
38	-109.5244	-104.7911	0	134.7538	-88.39075	-78.5412	159.8746	
39	-110.4621	-103.619	0	133.5816	-84.70007	95.25205	-15.6788	
40	-108.5866	-105.0255	0	134.9882	-75.81955	98.90323	-20.12399	
41	-110.2276	-104.0878	0	134.2849	-67.24097	107.9412	-31.93332	
42	-109.2899	-105.26	0	134.9882	-52.0799	103.0845	-28.88382	
43	-110.4621	-104.3223	0	134.5193	-43.44958	101.8863	-27.64966	
44	-109.2899	-104.7911	0	134.9882	-39.88535	102.6362	-26.62134	
45	-110.4621	-105.26	0	134.9882	-38.65756	101.8733	-25.90509	
46	-110.4621	-104.7911	0	134.9882	-36.56683	101.4676	-24.24994	
47	-110.2276	-105.26	0	134.7538	-37.50949	101.1697	-23.7449	
48	-110.2276	-105.0255	0	134.7538	-41.07581	102.3846	-26.0126	
49	-109.9932	-105.26	0	134.7538	-44.96857	105.7647	-30.11945	
50	-110.2276	-105.0255	0	134.9882	-48.92218	109.7628	-34.18066	
51	-109.9932	-104.7911	0	134.9882	-51.78726	115.2983	-39.68448	
52	-110.2276	-105.0255	0	134.9882	-52.71509	119.5522	-43.83356	
53	-109.9932	-104.7911	0	134.9882	-51.99585	122.8072	-46.76761	
54	-110.2276	-105.0255	0	134.9882	-48.18863	123.9657	-46.77069	
55	-110.2276	-105.0255	0	134.7538	-44.84027	124.9756	-47.39566	
56	-110.2276	-104.7911	0	134.9882	-44.09686	126.284	-47.73352	
57	-109.9932	-104.7911	0	134.9882	-43.35373	126.2104	-45.55316	
58	-109.9932	-105.0255	0	134.7538	-42.58347	124.5946	-39.50409	
59	-109.9932	-105.0255	0	134.7538	-42.19275	123.861	-35.55682	
60	-109.9932	-104.7911	0	134.9882	-43.33783	123.9628	-33.27655	
61	-110.2276	-105.0255	0	134.7538	-43.94797	124.4929	-31.883	
62	-109.9932	-105.0255	0	134.9882	-45.16641	123.6702	-28.49976	
63	-109.9932	-105.0255	0	134.9882	-45.5582	123.5932	-26.09842	
64	-110.2276	-105.0255	0	134.9882	-44.92398	124.0343	-25.26114	
65	-109.9932	-104.7911	0	134.9882	-44.78165	124.4824	-25.67337	
66	-110.2276	-105.0255	0	134.7538	-45.24728	123.2817	-25.66501	
67	-109.9932	-105.0255	0	134.9882	-45.68167	122.8686	-25.83069	
68	-109.9932	-105.0255	0	134.9882	-45.79306	122.2822	-25.95154	
69	-110.2276	-105.0255	0	134.7538	-45.94571	121.9918	-26.56195	
70	-109.9932	-104.7911	0	135.2227	-46.69748	121.3397	-26.93063	
71	-110.2276	-105.0255	0	134.9882	-47.07782	121.0232	-27.57706	
72	-110.2276	-105.0255	0	134.7538	-47.8772	120.6752	-29.05658	
73	-109.9932	-104.7911	0	134.9882	-48.6207	119.9647	-30.71063	
74	-109.9932	-105.0255	0	134.7538	-48.95538	118.4488	-31.81955	
75	-109.9932	-105.0255	0	134.9882	-49.45825	118.7795	-32.49503	
76	-110.2276	-104.7911	0	134.9882	-50.29739	118.688	-33.06442	
77	-109.9932	-104.7911	0	134.9882	-50.7309	119.1301	-33.62186	
78	-109.9932	-104.7911	0	134.9882	-50.83368	119.1039	-33.76855	
79	-110.2276	-104.7911	0	134.9882	-50.90527	119.4448	-34.15979	
80	-110.2276	-105.0255	0	134.7538	-51.02478	119.3608	-34.28247	
81	-109.9932	-104.7911	0	134.9882	-51.02792	119.8076	-34.42221	


Angle MV instances
Rotate	9.611712	19.45786	12.65933	14.30035	5.860779	3.985352	13.59708	21.33331	9.142822	
ChildRotate	14.30035	18.98901	7.736237	4.923065	31.64835	8.908386	7.736267	4.219788	
RotateInverse	
ChildRotateInverse	2.299678	48.29299	26.72525	8.673986	8.20512	6.564102	3.98534	24.38092	19.45786	3.750916	12.89375	10.31501	7.267403	
Docking x	4.615051	4.456665	3.683807	3.381744	4.902954	3.186554	4.01413	2.448914	3.225769	5.137848	2.284027	2.084229	5.334015	6.803741	2.116943	4.200989	2.010101	2.873718	2.193695	5.72644	11.97934	7.302155	5.687469	2.297333	4.411255	3.140015	3.690674	8.880524	8.578583	15.16107	8.63031	3.56424	2.090729	3.566315	3.892761	3.953613	2.865082	3.80722	3.348358	
Docking y	4.495836	2.80673	8.018285	9.020988	5.259499	3.187401	2.64069	3.86237	3.420109	5.091526	3.774986	4.770699	4.166452	13.93261	34.74539	222.346	40.77037	15.90231	14.02563	3.295532	173.7932	3.651176	9.037964	4.856689	3.380142	3.998047	5.53553	4.253876	3.254974	
Docking z	4.416626	3.079608	3.109681	9.598933	5.018545	5.954523	5.014435	5.468355	10.83889	8.449459	7.095734	2.88562	4.667667	3.129871	4.933823	14.9929	29.84734	137.5782	39.5686	344.3149	14.88228	175.5534	4.44519	11.80933	3.0495	2.2677	4.106842	4.061218	5.503815	4.149078	2.934052	2.180359	6.049072	3.947266	2.280273	3.38324	2.401337	
Total MV Amount	2093.014


Angle TRE instances
Rotate	27	
ChildRotate	
RotateInverse	1	
ChildRotateInverse	33	
Docking x	28	32	42	43	51	54	77	
Docking y	
Docking z	16	20	
Total TRE Count	11


Correct Angles	Rotate	ChildRotate	RotateInverse	ChildRotateInverse	Docking x	Docking y	Docking z
	-110	-115	0	135	-55.68079	88.27475	13.36914

Angle Error	Rotate	ChildRotate	RotateInverse	ChildRotateInverse	Docking x	Docking y	Docking z
	0.00680542	9.974457	0	0.2462006	4.823181	31.43852	47.57354

Time Taken	Hours	Minutes	Seconds	Milliseconds	Seconds float	Completion time
	0	0	6	111	6.110787	00h:00m:06s:111ms

Final Results	Tester Name	Time of Test	Dock Shape Style	Virtual Device Visible	Time Taken	Shape Precision %	Orientation Precision %	Overall Precision %	Efficiency %	Difficulty	Total MV	Total TRE	
		2018-08-02_13:22:35	Presets	False	00h:00m:06s:111ms	98.57952	85.36813	92.53471	83.25701	0.5225502	2093.014	11	
