
Angles Over Time
Frames	Rotate	ChildRotate	RotateInverse	ChildRotateInverse	Docking x	Docking y	Docking z	
0	0.2344284	-0.234436	0	-0.4688721	-0.1946716	0.009427257	0.006493021	
1	0.2344284	-5.336074E-08	0	-0.234436	-0.1930237	0.01177036	0.06382447	
2	0.2344284	-0.234436	0	-0.234436	-0.3008728	0.005102467	0.2514146	
3	0.2344284	-0.234436	0	-0.4688721	-0.4282837	-0.1419678	1.099223	
4	-2.668037E-08	-5.336074E-08	0	6.564095	-0.2603149	-0.2155762	1.55487	
5	0.4688644	-0.234436	0	16.1758	-0.5344543	-0.4345093	1.746019	
6	0.2344284	-1.17215	0	26.72525	-0.5741882	-0.3663025	1.36612	
7	0.2344284	-5.157501	0	63.53107	-1.597473	0.04232054	8.580959	
8	-3.282043	-11.72162	0	0	-3.343903	0.9064583	20.33461	
9	-8.205109	-28.83514	0	-0.4688721	-3.970703	1.068613	22.98242	
10	-8.439545	-40.55673	0	-0.4688721	-4.707642	1.079214	23.62105	
11	-2.813202	-42.19775	0	-0.234436	-3.361969	1.01997	20.45586	
12	1.172157	-31.41388	0	-0.4688721	-2.105865	0.04434964	13.57035	
13	1.172157	3.985344	0	0.2344285	-0.9443054	-0.9309998	3.356048	
14	0.9377285	7.267395	0	-0.4688721	2.991963	-0.765564	-0.05380249	
15	1.641021	7.267395	0	0	2.530655	0.2164928	-3.609039	
16	1.406593	7.736259	0	-0.4688721	3.58712	0.9600453	-10.16895	
17	1.641021	6.798531	0	0.9377289	3.87034	3.244021	-10.72198	
18	0.9377285	7.267395	0	-0.234436	3.364995	9.530514	-8.356049	
19	1.641021	-10.315	0	-0.4688721	2.086437	14.63005	-3.381348	
20	1.641021	-17.5824	0	-0.234436	-6.216217	20.23982	-0.2110596	
21	1.641021	-17.5824	0	-0.234436	-3.913635	24.44604	0.8631712	
22	1.641021	-17.5824	0	51.34061	2.503998	26.86585	-0.8214111	
23	1.406593	-17.5824	0	23.91206	2.907981	27.52408	-4.350433	
24	1.406593	-17.5824	0	25.31866	2.984362	29.82298	4.76125	
25	-7.032959	-17.81683	0	32.82048	3.323108	31.66621	14.73721	
26	-22.97433	-17.5824	0	32.35162	3.18975	32.76971	29.44019	
27	-38.91571	-17.81683	0	32.35162	2.906991	33.1875	36.27359	
28	-41.72891	-18.52014	0	32.35162	2.768531	34.89609	42.01151	
29	-45.71423	-18.75458	0	32.35162	2.340172	35.70867	44.40344	
30	-50.63733	-18.52014	0	32.35162	3.135267	35.81968	44.90549	
31	-51.1062	-18.75458	0	32.82048	3.580943	36.03939	43.29251	
32	-52.98163	-18.52014	0	36.80582	3.796991	37.04855	39.95896	
33	-53.68494	-18.52014	0	37.04025	3.850127	36.46355	39.67801	
34	-54.15381	-18.52014	0	37.04025	4.406719	35.93645	39.12633	
35	-54.38824	-18.28571	0	36.57139	5.789165	35.99461	38.97278	
36	-54.38824	-20.16116	0	36.57139	5.525733	34.40098	40.0527	
37	-53.68494	-17.11353	0	38.68128	7.354778	34.24874	34.75072	
38	-54.38824	-5.391937	0	43.60435	10.2225	34.10717	28.69338	
39	-53.4505	-0.9377136	0	49.23072	12.17731	34.4007	26.27146	
40	-54.15381	-3.985352	0	50.40287	13.7764	33.8103	23.92536	
41	-53.4505	-17.5824	0	50.87174	15.2032	35.3553	21.46043	
42	-54.15381	-18.05127	0	50.87174	15.53393	36.19139	21.31052	
43	-53.91937	-27.19412	0	50.63731	13.7002	35.84598	24.13801	
44	-54.15381	-49.69958	0	48.29299	12.54067	35.34856	27.88735	
45	-53.91937	-60.24902	0	44.54206	10.31536	35.86483	32.35187	
46	-54.15381	-60.95233	0	44.30764	10.53587	36.17146	33.46239	
47	-54.15381	-61.4212	0	44.30764	10.15118	36.93449	35.90758	
48	-54.15381	-67.98529	0	40.79116	9.830598	37.74213	40.27048	
49	-54.15381	-67.04755	0	34.4615	9.279395	38.02258	42.45066	
50	-53.68494	-68.923	0	32.11718	9.170108	38.0815	44.18332	
51	-54.15381	-68.45416	0	32.58604	8.761383	37.76694	44.60921	
52	-53.68494	-68.92303	0	33.28934	7.776694	37.20031	45.07504	
53	-54.15381	-68.92303	0	36.80582	7.329788	37.30413	45.98655	
54	-54.15381	-69.39188	0	38.44685	6.736495	37.62724	47.03759	
55	-54.38821	-68.92303	0	38.44685	6.349494	37.78108	48.36634	
56	-54.15378	-68.92303	0	38.44685	6.267734	37.6968	49.07361	
57	-53.91937	-68.92303	0	38.44685	6.314678	37.86644	49.77263	
58	-53.91937	-69.15744	0	38.44685	5.967741	38.00964	50.02938	
59	-54.15378	-68.6886	0	38.44685	5.947844	38.16751	49.33474	
60	-54.15378	-67.75085	0	38.68128	5.686091	38.41096	49.95555	
61	-53.4505	-69.15744	0	38.44685	5.458485	38.87967	50.74322	
62	-54.15378	-68.45416	0	38.68128	5.524768	39.55709	51.01996	
63	-53.68494	-68.92303	0	38.44685	5.111162	39.9129	51.69886	
64	-52.98163	-68.45416	0	38.68128	5.02948	40.08431	50.85604	
65	-50.40289	-68.92303	0	38.44685	5.16173	40.23986	50.85012	
66	-48.76187	-68.92303	0	38.44685	5.297962	40.37757	49.97932	
67	-47.12085	-68.92303	0	38.44685	5.426936	40.40743	50.23252	
68	-47.35526	-68.92303	0	38.44685	5.529184	40.35696	49.76777	
69	-47.12082	-68.92303	0	38.44685	5.733314	40.36565	48.95649	
70	-47.12082	-68.6886	0	38.44685	5.728033	40.16932	48.85738	
71	-47.12082	-68.92303	0	38.44685	5.704944	40.29848	49.16367	
72	-47.35526	-69.15747	0	38.44685	5.751441	40.31838	49.15714	
73	-47.35526	-68.45416	0	38.68128	5.50312	40.244	49.2883	
74	-46.88641	-68.92303	0	38.68128	5.583003	40.28487	49.51413	
75	-47.12082	-68.92303	0	38.68128	5.438412	40.24586	49.92791	
76	-46.88641	-73.37723	0	38.44685	5.491422	40.12022	49.84769	
77	-47.12082	-78.30029	0	38.21242	5.486492	40.25965	49.88375	
78	-46.88641	-84.62997	0	38.21242	5.505155	40.15557	49.51622	
79	-47.12085	-84.39554	0	38.44685	5.505243	40.23599	49.52719	
80	-46.65198	-84.39554	0	38.21242	5.688746	40.37984	49.27262	
81	-46.18311	-85.56769	0	38.21242	5.761697	40.34547	48.75412	
82	-46.18311	-86.50543	0	38.21242	5.73105	40.34779	48.99357	
83	-46.18311	-88.14645	0	38.21242	5.868661	40.42816	48.95161	
84	-45.94867	-87.44315	0	38.44684	5.904197	40.43941	49.14176	
85	-45.24539	-89.55304	0	38.21242	5.907063	40.50227	49.40322	
86	-45.71423	-88.6153	0	38.44684	5.893144	40.58852	49.13315	
87	-45.24539	-89.08417	0	38.21241	5.972261	40.62616	49.25724	
88	-45.4798	-89.3186	0	38.21241	5.867132	40.5993	49.01649	
89	-45.4798	-89.78748	0	38.21241	5.773983	40.54598	48.96387	
90	-45.4798	-89.78748	0	38.21241	5.773471	40.56716	48.88776	
91	-45.4798	-89.08417	0	38.21241	5.712032	40.51772	48.80281	
92	-45.4798	-89.08417	0	37.97798	5.678948	40.47517	48.79745	
93	-45.4798	-89.3186	0	37.97798	5.726458	40.43888	48.87776	
94	-45.4798	-89.08417	0	37.97798	5.666052	40.54636	48.96138	
95	-45.24539	-87.20874	0	38.44684	5.613873	40.61647	49.03112	


Angle MV instances
Rotate	3.516472	4.923065	5.626343	8.439552	15.94138	15.94138	2.813202	3.985321	4.923096	2.578735	
ChildRotate	3.985352	6.564117	17.11353	11.72159	10.78387	35.39922	3.282051	17.5824	7.267395	3.047638	11.72159	4.454224	3.047638	13.59705	9.142853	22.50546	10.54944	6.564087	4.454193	4.923065	6.329681	2.109894	
RotateInverse	
ChildRotateInverse	7.032967	9.61171	10.54945	36.80582	63.53107	51.57504	27.42854	7.501823	3.985344	2.109894	4.923065	5.626373	2.344322	3.750923	3.516479	6.329666	2.344322	3.516479	
Docking x	3.936268	8.302654	2.302582	2.86772	2.22531	
Docking y	2.283975	6.286493	5.099535	5.609768	4.206224	2.419807	2.298901	
Docking z	7.214839	11.75365	2.647806	3.165192	6.885511	10.2143	3.409851	3.555237	6.559906	2.365936	4.974701	3.170288	3.529022	9.975962	14.70297	6.833401	5.737919	2.391933	3.333557	5.301987	6.057335	2.421919	2.346102	2.464933	2.827486	3.749346	4.464518	2.445194	4.362904	2.180176	
Total MV Amount	736.2013


Angle TRE instances
Rotate	
ChildRotate	82	
RotateInverse	1	
ChildRotateInverse	24	32	49	53	
Docking x	39	48	
Docking y	65	
Docking z	29	32	36	37	48	58	59	61	66	67	68	
Total TRE Count	19


Correct Angles	Rotate	ChildRotate	RotateInverse	ChildRotateInverse	Docking x	Docking y	Docking z
	-30	-90	0	30	15	45	45

Angle Error	Rotate	ChildRotate	RotateInverse	ChildRotateInverse	Docking x	Docking y	Docking z
	14.77652	0.4469604	0	8.212416	9.336178	4.265388	4.096085

Time Taken	Hours	Minutes	Seconds	Milliseconds	Seconds float	Completion time
	0	0	7	320	7.31953	00h:00m:07s:320ms

Final Results	Tester Name	Time of Test	Dock Shape Style	Virtual Device Visible	Time Taken	Shape Precision %	Orientation Precision %	Overall Precision %	Efficiency %	Difficulty	Total MV	Total TRE	
		2018-08-02_13:21:32	Ltd Random	True	00h:00m:07s:320ms	96.74502	98.45158	96.73544	93.90022	0.2575758	736.2013	19	
