
Angles Over Time
Frames	Rotate	ChildRotate	RotateInverse	ChildRotateInverse	Docking x	Docking y	Docking z	
0	0.6578817	0.7032929	0	-0.9831543	3.440723	-0.6656189	2.055749	
1	0.6578817	0.7032929	0	-1.21759	3.648692	-0.6703796	2.082117	
2	0.8923101	0.7032929	0	-0.9831543	3.985778	-0.7273865	2.137831	
3	0.6578817	0.7032929	0	-1.21759	5.498261	-1.162933	1.979801	
4	0.6578817	0.9377288	0	-0.9831543	5.194401	-1.415039	1.023133	
5	0.6578817	0.9377288	0	-0.9831543	4.654589	-2.955383	-0.01220703	
6	0.6578817	0.9377288	0	-0.9831543	5.955814	-4.830078	-1.489502	
7	0.8923101	-16.41025	0	-0.5142822	10.45109	-5.735168	3.838659	
8	0.4234458	-30.7106	0	-0.9831543	16.21639	-5.321899	11.26816	
9	0.6578818	-32.8205	0	8.394134	17.94582	-4.260651	12.55415	
10	0.1890174	-44.30765	0	21.75675	21.2602	-3.033813	13.32758	
11	0.6578819	-45.4798	0	31.13404	30.66411	-1.073578	16.10945	
12	0.4234459	-45.94867	0	30.8996	33.69067	1.446696	30.00349	
13	-21.8476	-49.23071	0	31.13404	35.54904	3.322789	44.73951	
14	-38.96112	-50.16846	0	36.05711	38.89679	5.30443	53.54331	
15	-51.38602	-49.93402	0	45.43439	40.14241	6.878036	61.81743	
16	-61.23218	-49.93402	0	61.6102	43.19443	8.99864	66.19697	
17	-63.81091	-49.69958	0	77.31715	45.46439	8.231133	63.89555	
18	-66.15524	-64.46881	0	80.5992	48.42225	12.38622	67.79186	
19	-70.14056	-76.89371	0	80.5992	48.45234	16.10329	73.95789	
20	-71.78162	-79.70688	0	84.11568	48.89073	24.23724	86.02145	
21	-76.93912	-82.28564	0	85.05341	49.52023	25.90169	90.07891	
22	-78.81458	-85.56769	0	85.05341	50.26133	27.23014	92.51276	
23	-79.28345	-88.6153	0	84.11568	50.42198	28.09391	95.20085	
24	-79.04898	-88.84973	0	84.35011	49.9202	26.58235	93.90743	
25	-79.51785	-88.84973	0	84.35011	49.57134	26.92097	95.13326	
26	-80.92444	-88.6153	0	83.41238	49.13761	25.06037	94.38702	
27	-81.39331	-89.08417	0	82.47465	50.4805	25.0958	93.0386	
28	-81.15887	-88.84973	0	84.35011	50.4851	25.85251	90.86928	
29	-82.09662	-89.08417	0	84.81897	50.45515	26.51867	89.72243	
30	-82.33105	-89.55304	0	84.35011	51.20495	26.44195	88.55231	
31	-82.7999	-89.08417	0	84.81897	53.72676	29.38893	90.17442	
32	-82.33105	-89.55304	0	84.81897	54.49273	30.24269	87.85395	
33	-82.56549	-89.55304	0	85.0534	54.98111	33.25928	85.30305	
34	-83.03436	-87.20871	0	83.6468	53.69373	33.62888	82.89515	
35	-81.15887	-89.78748	0	84.81896	51.42876	36.41241	85.01373	
36	-89.59845	-87.91202	0	80.13033	51.05872	38.39589	89.12688	
37	-92.88049	-88.84973	0	80.83362	51.24167	38.60556	89.08669	
38	-93.5838	-87.91199	0	80.59919	50.39975	38.69938	87.76322	
39	-92.88049	-89.08417	0	79.42702	49.74245	39.76897	86.70708	
40	-93.11493	-87.91199	0	74.97282	48.42902	38.24049	83.08736	
41	-92.88049	-89.08417	0	80.83362	48.8397	37.06357	78.88488	
42	-93.11493	-88.14642	0	80.59918	48.97813	36.91493	77.20638	
43	-92.64606	-89.3186	0	80.83362	48.02758	36.18365	73.54562	
44	-93.81821	-88.38086	0	80.59919	46.91827	36.25149	70.49892	
45	-93.34937	-89.55304	0	80.83363	44.6492	37.69523	67.93404	
46	-93.81824	-88.84973	0	80.83363	42.27193	39.23693	66.18385	
47	-93.34937	-88.84973	0	80.83363	39.85154	39.99337	63.25957	
48	-93.5838	-89.08417	0	80.83363	38.51177	40.22713	61.3126	
49	-93.34937	-88.84973	0	80.83363	37.69513	40.07339	59.75306	
50	-93.5838	-88.84973	0	81.06806	37.27718	40.65568	59.88062	
51	-93.5838	-89.3186	0	80.83363	37.07366	41.30781	59.54694	
52	-94.05267	-89.08417	0	80.83363	36.40738	41.43144	58.08651	
53	-94.05267	-88.38086	0	80.59921	35.05754	41.18739	55.75067	
54	-92.41162	-88.84973	0	80.59921	34.73974	40.96283	54.24741	
55	-93.11493	-87.91202	0	80.59921	33.93591	40.77044	52.57119	
56	-92.88049	-89.08417	0	80.13035	33.46515	40.70898	51.12849	
57	-93.81824	-89.08417	0	80.13035	32.83999	41.01901	50.72671	
58	-93.11493	-89.55304	0	80.83363	32.4819	41.58455	50.79618	
59	-94.05264	-89.08417	0	80.13034	31.92786	41.877	50.12084	
60	-93.5838	-89.08417	0	80.83363	31.5887	42.53942	49.56411	
61	-93.5838	-89.08417	0	80.36477	31.60984	43.10397	49.74278	
62	-93.5838	-89.55304	0	80.59921	31.72919	44.01982	50.53584	
63	-94.05264	-88.84973	0	80.59921	31.65168	44.34055	50.7758	
64	-93.5838	-88.84973	0	80.83363	31.55289	44.90402	51.21581	
65	-93.11493	-89.55304	0	80.59921	30.80947	44.79926	50.13188	
66	-93.81824	-87.91202	0	80.36477	30.96739	44.69247	49.30714	
67	-92.64606	-88.84973	0	80.83364	32.0164	44.39721	49.28106	
68	-93.34937	-88.14642	0	80.36478	34.37622	44.05444	49.72861	
69	-92.41162	-88.84973	0	80.83365	36.56317	43.42717	49.87458	
70	-94.05264	-88.6153	0	80.83365	36.98501	42.92365	49.39206	
71	-93.5838	-89.3186	0	80.83365	37.02782	42.45324	48.74481	
72	-94.05264	-89.08417	0	80.83365	36.60752	42.677	48.84681	
73	-93.34937	-88.84973	0	80.83365	35.95405	43.02011	49.17063	
74	-93.5838	-89.08417	0	80.59923	35.52584	42.96317	49.10887	
75	-93.34937	-89.55304	0	80.83366	35.39409	42.73397	49.13318	


Angle MV instances
Rotate	22.27104	17.11353	12.4249	9.846161	2.578735	2.34433	3.985321	5.157501	8.439575	3.282043	
ChildRotate	17.34798	14.30035	2.109894	11.48715	3.282043	14.76923	12.4249	2.813171	2.578766	3.282043	3.047607	2.34433	2.578766	
RotateInverse	
ChildRotateInverse	9.377288	13.36262	9.377285	4.923075	9.377277	16.17581	15.70695	3.282051	3.516479	4.688637	4.454208	5.860802	
Docking x	3.440723	4.495275	5.765301	3.314384	9.403904	3.02656	3.347755	3.052013	2.269962	2.957859	2.521809	2.264965	2.26907	2.37727	2.420383	2.359825	2.186943	
Docking y	2.120604	4.155083	3.717072	8.133947	2.946976	3.01659	2.783527	
Docking z	2.055749	5.328161	7.429504	2.781875	13.89404	14.73602	8.803799	8.27412	4.379536	2.301414	3.896309	6.166031	12.06356	4.057457	2.433846	2.688095	2.169319	2.320465	2.550896	2.407906	2.118576	4.113152	3.61972	4.202477	3.660759	3.046707	2.56488	2.924278	2.335835	
Total MV Amount	503.5841


Angle TRE instances
Rotate	37	
ChildRotate	23	
RotateInverse	1	
ChildRotateInverse	22	23	33	34	
Docking x	16	22	24	27	39	47	
Docking y	49	
Docking z	60	62	66	
Total TRE Count	16


Correct Angles	Rotate	ChildRotate	RotateInverse	ChildRotateInverse	Docking x	Docking y	Docking z
	-90	-90	0	90	45.00001	45	45

Angle Error	Rotate	ChildRotate	RotateInverse	ChildRotateInverse	Docking x	Docking y	Docking z
	4.052643	0.9158325	0	9.166344	9.640701	2.53915	4.149212

Time Taken	Hours	Minutes	Seconds	Milliseconds	Seconds float	Completion time
	0	0	5	772	5.772172	00h:00m:05s:772ms

Final Results	Tester Name	Time of Test	Dock Shape Style	Virtual Device Visible	Time Taken	Shape Precision %	Orientation Precision %	Overall Precision %	Efficiency %	Difficulty	Total MV	Total TRE	
		2018-08-02_13:21:48	Ltd Random	True	00h:00m:05s:772ms	98.03683	98.76141	97.58223	92.30581	0.4090909	503.5841	16	
