
Angles Over Time
Frames	Rotate	ChildRotate	RotateInverse	ChildRotateInverse	Docking x	Docking y	Docking z	
0	-0.0446167	-0.234436	0	0.1898157	-0.2592468	0.4116836	0.7912788	
1	-0.2790527	0.2344284	0	-0.0446167	-0.1777954	0.4214373	1.01245	
2	-0.0446167	0.2344284	0	20.5854	-0.06558228	0.3199744	1.293043	
3	-0.2790527	0	0	28.08722	-0.2086792	0.2697629	0.8994046	
4	-0.2790527	0	0	29.02495	-0.002930558	-0.004015434	1.098553	
5	-0.0446167	0.2344284	0	35.82347	-0.01794434	-0.7425232	5.617176	
6	-0.2790527	-2.813171	0	4.878449	-1.145935	0.4927613	24.53958	
7	-14.57941	-20.86444	0	-0.0446167	-2.589722	1.418488	30.70644	
8	0.4242443	0.9377295	0	-0.2790527	2.63821	6.287535	30.22725	
9	1.127545	1.172158	0	0.1898125	8.280686	6.458861	21.17151	
10	1.361973	0.9377295	0	-0.0446167	10.7454	5.703056	7.565691	
11	1.361973	1.172158	0	-0.0446167	13.4682	9.831633	-6.581726	
12	1.596409	0.9377295	0	0.4242408	13.23179	14.26789	-14.90302	
13	1.127545	1.172158	0	-0.0446167	15.75011	21.10797	-18.17712	
14	1.361973	0.7032936	0	0.4242408	19.7725	27.48242	-30.69177	
15	0.893109	1.172158	0	-0.0446167	24.44483	35.0736	-27.31174	
16	1.361973	0.4688652	0	1.36197	23.88128	41.81492	-18.65625	
17	0.6586804	1.172158	0	-0.0446167	25.93317	47.30028	-16.80899	
18	1.596409	-0.7033081	0	2.06527	25.21258	47.1629	-18.62582	
19	-0.2790527	0.9377295	0	0.4242409	25.18222	49.34591	-20.20975	
20	1.127545	0.7032935	0	0.8931053	23.82751	54.16634	-22.11948	
21	0.6586806	0.2344291	0	0.8931053	21.19866	58.50883	-24.79004	
22	-6.608704	0.2344291	0	29.49381	18.18125	58.8435	-31.33942	
23	-6.84314	0.2344291	0	65.12747	15.88482	64.59338	-44.42712	
24	-5.905426	0.2344291	0	87.63294	20.33154	67.18472	-52.26465	
25	-0.7479248	0.4688652	0	94.6659	23.07689	72.01778	-53.75937	
26	-0.7479248	0.4688652	0	103.8087	26.05716	76.35898	-52.90262	
27	-0.7479248	0.2344291	0	121.6256	27.39891	81.3131	-53.16907	
28	-0.7479248	0.2344291	0	135.9259	30.40768	84.70584	-53.44073	
29	-0.7479248	0.4688652	0	142.9589	32.06018	83.56718	-52.12817	
30	-0.9823608	0.2344291	0	142.9589	33.04241	81.84711	-48.44922	
31	-0.9823608	-24.38092	0	143.1933	33.99953	83.70557	-44.3652	
32	-0.9823608	-62.82776	0	142.9589	38.92232	84.35289	-39.11124	
33	-0.9823608	-90.25632	0	143.1933	42.5909	84.23823	-32.37045	
34	-0.9823608	-111.8241	0	143.1933	44.6745	87.31033	-22.2659	
35	-0.5134888	-113.6995	0	143.1933	43.16139	90.716	-14.26477	
36	-13.17282	-132.6885	0	143.1933	41.1507	92.05452	-10.44284	
37	-15.04828	-144.4101	0	143.4278	42.7171	91.28712	-10.63535	
38	-14.81384	-147.2233	0	143.1933	42.11237	92.69701	-11.23047	
39	-14.81384	-150.7398	0	144.8344	41.44304	95.87663	-10.819	
40	-14.57941	-153.0841	0	145.5376	40.49006	96.81184	-12.75336	
41	-13.40726	-153.7874	0	146.9442	42.03309	97.44892	-13.99442	
42	-11.29736	-153.7874	0	147.1787	40.43162	99.8576	-12.75598	
43	-11.29736	-154.0218	0	147.6475	38.16633	102.5968	-9.02655	
44	-11.29736	-154.0218	0	148.3508	39.29006	107.6245	-7.941803	
45	-11.06293	-154.0218	0	148.3508	45.33192	113.8282	-7.209961	
46	-11.29736	-155.4284	0	148.5853	51.76381	119.8828	-6.496765	
47	-9.656342	-155.194	0	148.5853	54.16806	122.8822	-6.751556	
48	-9.421906	-155.4284	0	148.3508	58.02302	128.0591	-4.270508	
49	-9.187469	-155.6629	0	148.5853	61.21111	133.3165	0.4070592	
50	-8.718597	-153.3185	0	147.6475	62.40992	134.2146	2.127142	
51	-10.12518	-155.8973	0	148.8197	62.73059	130.1882	-1.179932	
52	-8.718597	-155.194	0	148.1164	63.39857	127.4454	-2.602661	
53	-9.890747	-155.8973	0	148.8197	62.61342	127.2386	-0.9355469	
54	-9.187469	-155.194	0	148.1164	60.69433	126.8267	2.45682	
55	-9.656342	-155.8973	0	148.8197	59.09497	127.0694	5.651988	
56	-8.953033	-155.194	0	148.1164	56.7643	125.5108	7.316521	
57	-9.656342	-155.6629	0	148.8197	56.54863	127.0114	10.96064	
58	-8.953033	-155.6629	0	148.3508	56.211	127.616	14.1283	
59	-9.187469	-156.6006	0	149.0541	56.16764	128.2964	16.56052	
60	-8.718597	-156.3662	0	149.0541	55.95644	128.8758	19.02493	
61	-8.953033	-156.1317	0	148.8197	56.73253	130.7098	21.63857	
62	-9.187469	-155.6629	0	149.0541	56.53012	130.9251	23.57755	
63	-9.187469	-156.835	0	148.8197	55.3801	130.2496	25.05195	
64	-8.953033	-156.1317	0	149.0541	54.06194	128.3722	24.66867	
65	-8.953033	-156.3662	0	149.0541	52.68507	126.1972	22.7851	
66	-8.953033	-157.3039	0	149.2886	52.04335	124.4831	21.03642	
67	-8.718597	-155.8973	0	149.0541	51.46062	123.6695	20.22701	
68	-9.187469	-156.6006	0	149.523	50.38095	122.0947	19.37646	
69	-8.718597	-156.1317	0	149.0541	50.7785	122.1379	18.99856	
70	-9.187469	-157.3039	0	149.2886	52.07111	122.2107	18.57812	
71	-8.718597	-156.3662	0	149.523	52.48386	122.7378	18.84791	
72	-8.953033	-156.3662	0	149.523	52.70663	122.2765	18.38555	


Angle MV instances
Rotate	14.30035	15.00365	7.267384	5.157501	12.65933	2.109894	
ChildRotate	3.0476	18.05127	21.80217	24.61535	38.44684	27.42856	21.56775	18.989	11.72159	2.813202	3.516479	2.344315	2.344315	2.578751	
RotateInverse	
ChildRotateInverse	20.63001	7.501823	6.798521	30.94502	4.923066	2.109887	28.60071	35.63366	22.50547	7.032959	9.142845	17.81683	14.30035	7.032959	
Docking x	5.642477	2.464709	2.722805	2.518317	4.022388	4.672329	2.051891	2.628849	3.017414	2.296425	4.446722	2.745352	2.980263	3.008772	4.922783	3.668587	2.083595	2.010693	2.265289	6.041859	6.431892	2.404243	3.854961	3.188087	2.330677	
Docking y	4.869047	4.128577	4.436261	6.840077	6.374449	7.591177	6.741325	5.485359	2.183014	4.820427	4.342495	5.749874	2.591339	4.833069	4.341194	4.954117	3.392746	3.072098	3.40567	3.179619	2.408684	2.739189	5.027695	6.20372	6.054604	2.999382	5.176903	5.257431	4.026474	2.742805	2.175018	
Docking z	4.518623	18.92241	6.166857	9.05574	13.60582	8.321289	3.274109	12.51465	3.380035	8.655487	2.670563	6.549377	13.08771	7.837524	3.678955	4.084015	5.253967	6.740784	10.10455	8.001129	3.82193	3.729431	2.481049	4.677567	3.195167	3.644119	3.167658	2.432224	2.464411	2.613634	
Total MV Amount	881.9557


Angle TRE instances
Rotate	1	7	8	22	25	36	
ChildRotate	39	46	50	51	
RotateInverse	1	
ChildRotateInverse	41	
Docking x	34	36	37	40	41	42	45	46	68	70	
Docking y	
Docking z	
Total TRE Count	20


Correct Angles	Rotate	ChildRotate	RotateInverse	ChildRotateInverse	Docking x	Docking y	Docking z
	0	-150	0	150	46.27344	146.2547	39.31722

Angle Error	Rotate	ChildRotate	RotateInverse	ChildRotateInverse	Docking x	Docking y	Docking z
	8.718597	6.835022	0	0.711441	7.042526	23.62109	21.02851

Time Taken	Hours	Minutes	Seconds	Milliseconds	Seconds float	Completion time
	0	0	5	487	5.487398	00h:00m:05s:487ms

Final Results	Tester Name	Time of Test	Dock Shape Style	Virtual Device Visible	Time Taken	Shape Precision %	Orientation Precision %	Overall Precision %	Efficiency %	Difficulty	Total MV	Total TRE	
		2018-08-02_13:22:26	Presets	False	00h:00m:05s:487ms	97.74097	91.73156	94.60658	86.94187	0.5372175	881.9557	20	
