
Angles Over Time
Frames	Rotate	ChildRotate	RotateInverse	ChildRotateInverse	Docking x	Docking y	Docking z	
0	0.5260149	3.047593	0	-0.1773071	1.806838	1.983022	0.606258	
1	0.5260149	3.282022	0	-0.1773071	1.81282	1.962289	0.7036844	
2	0.5260149	3.047593	0	-0.1773071	2.187355	1.722624	0.9916805	
3	0.5260149	3.282022	0	-0.1773071	4.078999	1.123669	1.765605	
4	0.5260149	2.813157	0	0.05714184	4.532387	0.4467847	1.311437	
5	0.2915864	3.047593	0	-0.4117126	5.347635	-0.478241	0.7526248	
6	0.5260148	2.813157	0	0.2915703	7.732894	-0.6984558	1.172788	
7	0.2915864	3.047593	0	-0.4117126	11.73459	-1.484131	4.816629	
8	0.5260148	2.578729	0	0.05714184	18.57577	-3.413391	9.631607	
9	0.2915864	3.047593	0	-0.4117126	25.55605	-4.659698	14.72969	
10	0.5260147	2.578729	0	0.05714184	30.78923	-4.95459	18.948	
11	-6.272522	2.813157	0	5.214643	37.94855	-4.000305	26.13954	
12	-8.14798	-3.985352	0	6.621236	43.63347	-5.940826	32.15294	
13	-12.36774	-23.2088	0	6.152371	50.36817	-8.662781	37.41898	
14	-12.36774	-36.80585	0	14.82635	59.57678	-5.710999	50.525	
15	-20.33844	-43.83881	0	19.74943	64.22749	0.803714	63.26503	
16	-31.35675	-45.24539	0	19.98386	68.15787	11.00228	87.17308	
17	-45.42267	-49.46518	0	18.1084	70.87406	16.08982	101.0308	
18	-57.37869	-62.82782	0	15.76408	73.7169	14.51986	104.67	
19	-59.72302	-80.64465	0	12.71647	75.46907	14.60431	109.1989	
20	-61.59845	-91.89737	0	13.41977	75.92544	18.91328	116.3526	
21	-59.72302	-101.978	0	12.48204	77.30698	20.86991	118.8773	
22	-61.36404	-98.93033	0	13.6542	77.08751	22.2261	120.6955	
23	-60.19186	-103.8534	0	12.48204	76.97292	23.75694	122.1447	
24	-61.36404	-107.3699	0	8.731123	77.23222	29.70081	132.12	
25	-66.75598	-109.9486	0	0.05714222	74.9726	34.49431	149.7207	
26	-88.55817	-111.8241	0	0.760435	75.70956	39.91465	155.4823	
27	-85.74496	-129.8754	0	-0.1773071	73.34338	47.33343	164.8575	
28	-91.1369	-125.89	0	12.2476	73.28476	47.65464	165.5924	
29	-89.02701	-131.7508	0	26.31353	73.49486	44.0401	163.2479	
30	-93.01236	-129.6409	0	26.31353	72.28855	34.92002	158.211	
31	-95.35669	-131.0475	0	26.31353	71.82597	29.87076	153.1377	
32	-96.2944	-129.4065	0	39.44172	70.54299	32.40869	153.4085	
33	-95.82553	-131.0475	0	129.9325	69.99315	47.12853	164.989	
34	-96.52884	-140.6592	0	107.8959	71.66316	61.68795	169.7831	
35	-95.59113	-142.7691	0	110.4746	73.70425	61.91989	170.7206	
36	-96.52884	-142.7691	0	110.9435	74.86024	61.56203	172.8132	
37	-95.82553	-144.879	0	112.8189	77.04692	64.88716	173.5061	
38	-96.52884	-144.1757	0	112.3501	77.51505	69.61008	178.484	
39	-96.2944	-145.8167	0	113.0534	75.80551	65.731	177.2225	
40	-97.23212	-145.1134	0	113.0534	76.07578	65.93965	179.463	
41	-96.2944	-146.2856	0	112.8189	75.66727	68.16207	-176.7649	
42	-96.76328	-145.1134	0	113.0534	75.82349	65.85192	-177.1081	
43	-96.2944	-145.1134	0	113.5222	76.77563	66.45258	-175.7293	
44	-96.2944	-145.8167	0	113.7567	77.10415	67.71841	-174.4638	
45	-96.05997	-145.5823	0	114.2255	76.4614	65.00341	-176.2511	
46	-96.2944	-146.0511	0	114.4599	76.99164	64.91943	-175.5145	
47	-96.2944	-146.2856	0	114.4599	75.67175	67.51308	-169.4453	
48	-96.2944	-146.9889	0	114.9288	73.7652	71.74058	-162.3972	
49	-96.76328	-146.7545	0	114.6944	73.45202	81.14762	-149.8912	
50	-97.23212	-146.52	0	114.6944	74.96856	96.46564	-131.4584	
51	-96.2944	-147.4577	0	114.4599	73.49261	99.42841	-125.9682	
52	-96.99768	-146.2856	0	114.4599	72.87281	97.31313	-126.6657	
53	-96.2944	-147.4577	0	114.4599	73.08945	96.31417	-126.9651	
54	-96.99768	-146.7545	0	114.4599	73.28844	95.42124	-127.1516	
55	-96.2944	-143.4724	0	113.0534	73.86033	94.60132	-128.046	
56	-94.41895	-146.7545	0	114.4599	74.68586	92.58812	-130.764	
57	-96.99768	-145.1134	0	113.2878	74.70509	91.0504	-133.0219	
58	-95.59109	-146.52	0	113.9911	74.08032	88.59058	-136.7649	
59	-96.2944	-144.6446	0	113.5222	73.72598	87.90489	-139.0841	
60	-95.35669	-146.2856	0	114.2255	74.31642	90.19827	-138.5327	
61	-95.82553	-144.6446	0	113.5222	74.67246	96.34758	-133.6765	
62	-95.35669	-146.52	0	113.9911	75.4568	106.5237	-124.047	
63	-95.82553	-144.4101	0	113.5222	76.0042	109.5719	-121.0284	
64	-95.35669	-146.2856	0	113.9911	76.00418	107.3623	-122.9815	
65	-95.82553	-145.1134	0	113.7566	75.96164	105.2517	-124.9164	
66	-96.05997	-146.52	0	114.4599	75.94276	103.8744	-126.2253	
67	-96.76324	-146.2856	0	114.4599	75.953	103.6892	-126.5313	
68	-96.2944	-146.9889	0	114.2255	75.92029	97.10315	-132.9622	
69	-96.99768	-146.52	0	113.9911	70.48389	54.55433	-173.5663	
70	-96.05997	-146.52	0	114.2255	54.70471	29.97755	165.232	
71	-96.2944	-146.7545	0	114.6944	38.61886	22.72548	159.5305	
72	-96.2944	-146.2856	0	114.2255	20.48689	17.4056	157.4496	
73	-96.52884	-146.52	0	113.9911	6.294796	13.95119	156.4025	
74	-96.05997	-146.2856	0	114.4599	-6.683502	13.54952	156.3532	
75	-96.52884	-146.7545	0	114.2255	-20.85507	15.59075	155.8385	
76	-96.05997	-146.7545	0	114.2255	-32.78351	16.05379	155.1449	
77	-96.2944	-146.2856	0	114.4599	-49.9361	12.75533	158.2667	
78	-96.52884	-146.52	0	114.2255	-62.79514	11.35614	154.6079	
79	-96.2944	-146.52	0	114.6944	-68.849	10.56954	153.1028	
80	-96.52884	-146.7545	0	114.4599	-75.98724	9.704296	150.3743	
81	-96.52884	-146.7545	0	114.4599	-81.31934	6.620508	148.7404	
82	-96.52884	-147.6922	0	114.4599	-84.5741	-6.08136	157.4245	
83	-96.76328	-146.7544	0	114.4599	-86.44183	11.52821	135.6082	
84	-96.52884	-147.6922	0	114.2255	-86.92654	36.67914	109.9064	
85	-96.76328	-146.2856	0	114.6944	-88.72589	4.451381	144.2135	
86	-96.52884	-143.7068	0	113.5222	-88.69809	-165.0633	-43.2999	
87	-94.88782	-147.4577	0	114.6944	-84.22495	-116.3767	-85.02158	
88	-96.99768	-145.5823	0	113.9911	-80.37708	-104.4734	-91.2215	
89	-95.82553	-146.2856	0	114.6944	-78.10526	-99.05133	-93.6423	
90	-96.52884	-145.5823	0	113.7566	-75.64191	-92.46646	-96.26349	
91	-95.59113	-146.7545	0	114.6944	-72.93567	-85.47638	-99.89441	
92	-96.52884	-145.5823	0	113.9911	-71.26843	-79.46631	-103.6772	
93	-96.05997	-146.7545	0	114.6944	-74.20541	-76.88635	-107.0589	
94	-96.52884	-145.8167	0	113.9911	-75.63556	-75.43927	-108.6913	
95	-95.82553	-146.7545	0	114.6944	-76.93634	-73.33618	-110.6839	
96	-96.76328	-145.8167	0	113.9911	-77.4209	-71.53412	-113.0497	
97	-96.76328	-147.6922	0	114.4599	-78.04474	-70.01111	-114.9671	
98	-96.76328	-146.7545	0	114.6944	-78.48453	-69.85812	-115.1999	
99	-96.52884	-147.2233	0	114.6944	-78.84705	-68.43445	-116.206	


Angle MV instances
Rotate	6.798537	4.219757	7.970703	11.01831	14.06592	11.95602	2.34433	5.391937	21.80219	2.813202	5.391937	2.109894	3.985352	2.34433	2.578735	2.109863	
ChildRotate	3.047593	19.22345	13.59705	7.032959	4.219788	13.36264	17.81683	11.25272	10.0806	3.047638	4.923065	3.516495	2.578751	18.05127	3.985352	5.860794	2.109879	9.611725	2.109879	2.109894	3.282059	3.282059	2.109894	2.578751	3.750916	
RotateInverse	
ChildRotateInverse	5.157501	8.673982	4.923075	2.344322	3.047615	3.750916	8.673981	12.42491	14.06592	13.12819	90.49075	22.03661	2.578743	
Docking x	2.38526	4.001692	6.841185	6.980274	5.233185	7.159317	5.684921	6.734703	9.208607	4.650715	3.930374	2.716194	2.842834	2.259621	2.36618	2.041092	2.186684	5.436401	15.77917	16.08585	18.13197	14.19209	14.17157	11.92844	17.15259	12.85904	6.053864	7.138245	5.332092	3.254761	4.473145	3.84787	2.27182	2.463348	2.706238	2.936981	
Docking y	2.721954	2.951782	6.514712	10.19856	5.087539	4.308977	5.943876	4.793501	5.420334	7.418781	3.614536	9.120083	5.049257	2.537928	14.71984	14.55942	3.325134	4.722923	3.879082	2.22242	2.31015	2.715004	2.593651	4.227493	9.407043	15.31802	2.962761	2.11528	2.013199	2.459824	2.293381	6.149307	10.17616	3.048157	2.209595	2.110596	6.586052	42.54882	24.57677	7.252077	5.319878	3.454405	2.04123	3.298468	3.083788	17.60957	25.15093	32.22776	169.5146	48.68658	11.90329	5.422058	6.584869	6.990082	6.010071	2.579956	2.103088	
Docking z	3.643841	4.814978	5.098081	4.218312	7.191544	6.013391	5.266045	13.10602	12.74003	23.90805	13.8577	3.639252	4.528877	7.15374	2.524643	9.975296	17.60077	5.761566	9.375168	2.344482	5.036957	5.073288	11.58047	4.794128	2.092529	4.977905	2.240433	356.2278	6.069244	7.048111	12.506	18.43277	5.490204	2.717972	2.25798	3.742966	2.319214	4.856277	9.629425	3.018677	6.430969	40.60405	338.7983	5.701508	2.080856	3.121719	3.658768	2.728455	8.684082	21.81624	25.70178	34.30708	187.5134	41.72168	6.199921	2.420807	2.621185	3.63092	3.782806	3.381714	2.365814	
Total MV Amount	2718.489


Angle TRE instances
Rotate	
ChildRotate	
RotateInverse	1	
ChildRotateInverse	
Docking x	79	80	
Docking y	8	15	82	83	
Docking z	28	31	33	34	70	73	77	78	82	83	
Total TRE Count	16


Correct Angles	Rotate	ChildRotate	RotateInverse	ChildRotateInverse	Docking x	Docking y	Docking z
	-110	-115	0	135	-64.42465	-6.180481	162.4242

Angle Error	Rotate	ChildRotate	RotateInverse	ChildRotateInverse	Docking x	Docking y	Docking z
	13.00229	31.75446	0	20.7745	14.4733	59.56973	-78.84299

Time Taken	Hours	Minutes	Seconds	Milliseconds	Seconds float	Completion time
	0	0	7	548	7.547966	00h:00m:07s:548ms

Final Results	Tester Name	Time of Test	Dock Shape Style	Virtual Device Visible	Time Taken	Shape Precision %	Orientation Precision %	Overall Precision %	Efficiency %	Difficulty	Total MV	Total TRE	
		2018-08-02_13:22:14	Presets	True	00h:00m:07s:548ms	90.89844	74.36801	82.6653	74.40219	0.5990195	2718.489	16	
